16 0.104687 0.325985 0.066875 0.257974
16 0.330937 0.277205 0.119375 0.106003
16 0.581250 0.581614 0.470000 0.577861
16 0.534062 0.583959 0.248125 0.650094
16 0.651250 0.190901 0.093750 0.121013
16 0.657813 0.274390 0.070625 0.207317
16 0.766563 0.163696 0.075625 0.244840
16 0.780625 0.065197 0.091250 0.109756
16 0.827187 0.483115 0.179375 0.690431
16 0.876250 0.162289 0.146250 0.324578
13 0.055000 0.504690 0.043750 0.069419
13 0.525000 0.392589 0.095000 0.066604
13 0.814688 0.231239 0.091875 0.032833
