16 0.017812 0.595306 0.035625 0.054597
16 0.028437 0.377395 0.031875 0.065134
16 0.057813 0.971264 0.074375 0.055555
16 0.063125 0.614942 0.057500 0.070881
16 0.075000 0.536399 0.047500 0.082375
16 0.083750 0.165230 0.046250 0.117816
16 0.087500 0.402299 0.040000 0.078544
16 0.088125 0.502873 0.041250 0.082375
16 0.090000 0.684866 0.043750 0.082376
16 0.113125 0.763410 0.053750 0.080460
16 0.111875 0.465518 0.037500 0.074713
16 0.112812 0.647509 0.038125 0.074713
16 0.114062 0.877394 0.040625 0.074713
16 0.136563 0.607280 0.049375 0.080460
16 0.136250 0.278257 0.040000 0.098659
16 0.161562 0.805555 0.048125 0.072797
16 0.168750 0.275862 0.043750 0.074712
16 0.170313 0.414751 0.033125 0.078544
16 0.187812 0.886016 0.049375 0.076629
16 0.185937 0.541188 0.043125 0.090038
16 0.197188 0.388889 0.038125 0.072797
16 0.200625 0.850575 0.042500 0.084291
16 0.200937 0.320882 0.035625 0.088123
16 0.206875 0.619732 0.045000 0.084291
16 0.227500 0.974138 0.062500 0.049808
16 0.230625 0.676246 0.041250 0.059387
16 0.235625 0.582375 0.048750 0.076629
16 0.248125 0.885058 0.060000 0.090039
16 0.236250 0.441570 0.035000 0.086207
16 0.243437 0.505748 0.035625 0.086207
16 0.256250 0.748084 0.043750 0.080460
16 0.264688 0.652299 0.046875 0.078544
16 0.264375 0.207375 0.021250 0.058429
16 0.269062 0.487548 0.030625 0.076628
16 0.271562 0.554598 0.035625 0.090038
16 0.286562 0.715996 0.041875 0.069923
16 0.300000 0.534482 0.033750 0.082375
16 0.306875 0.693487 0.037500 0.099617
16 0.304063 0.257663 0.026875 0.068966
16 0.309063 0.322318 0.029375 0.085250
16 0.326250 0.782567 0.045000 0.093870
16 0.321562 0.522509 0.033125 0.100575
16 0.334688 0.667145 0.035625 0.098659
16 0.349375 0.906130 0.045000 0.149425
16 0.337813 0.318007 0.020625 0.074713
16 0.351250 0.760058 0.043750 0.112069
16 0.354375 0.494253 0.037500 0.074712
16 0.372500 0.735632 0.060000 0.090038
16 0.358437 0.568007 0.026875 0.090039
16 0.368750 0.362069 0.036250 0.076628
16 0.371563 0.130747 0.023125 0.062260
16 0.381563 0.473180 0.033125 0.076628
16 0.386563 0.553161 0.036875 0.100574
16 0.394687 0.631705 0.030625 0.094828
16 0.420312 0.547414 0.038125 0.092912
16 0.428125 0.822797 0.052500 0.128352
16 0.426562 0.624521 0.033125 0.072797
16 0.481875 0.410919 0.028750 0.076629
16 0.489062 0.571839 0.036875 0.082376
16 0.486563 0.623084 0.026875 0.066092
16 0.501563 0.279215 0.024375 0.064177
16 0.515313 0.472222 0.038125 0.078544
16 0.570937 0.781130 0.036875 0.113985
16 0.575937 0.213601 0.029375 0.070881
16 0.578437 0.650384 0.034375 0.113027
16 0.610000 0.789751 0.051250 0.104406
16 0.640000 0.827107 0.045000 0.104406
16 0.632812 0.284004 0.028125 0.083334
16 0.651875 0.580939 0.046250 0.133142
16 0.657812 0.295977 0.031875 0.078544
16 0.679062 0.171935 0.030625 0.113984
16 0.699688 0.251437 0.030625 0.100575
16 0.709375 0.616379 0.045000 0.115901
16 0.711562 0.381226 0.034375 0.070882
16 0.721250 0.527778 0.043750 0.090038
16 0.732500 0.645594 0.047500 0.107280
16 0.730625 0.456897 0.040000 0.090039
16 0.742188 0.325192 0.020625 0.094827
16 0.766250 0.811303 0.066250 0.084291
16 0.754687 0.194923 0.030625 0.100575
16 0.771250 0.589081 0.046250 0.076629
16 0.782188 0.868295 0.068125 0.100574
16 0.810000 0.521552 0.057500 0.104406
16 0.822500 0.449712 0.038750 0.069923
16 0.865312 0.311303 0.039375 0.093870
16 0.873125 0.406610 0.047500 0.100575
16 0.898125 0.429118 0.048750 0.074713
16 0.904062 0.802682 0.058125 0.076628
16 0.925312 0.856801 0.071875 0.087165
16 0.907812 0.231801 0.029375 0.061303
16 0.923125 0.566571 0.060000 0.092912
16 0.938438 0.128831 0.031875 0.062261
16 0.956875 0.276819 0.046250 0.072797
16 0.959375 0.625479 0.051250 0.074712
16 0.976250 0.359675 0.043750 0.071839
