5 0.077615 0.873366 0.155229 0.250000
5 0.258170 0.812909 0.251634 0.370915
5 0.365196 0.722222 0.089870 0.251634
5 0.543300 0.871732 0.390523 0.253268
5 0.417484 0.592320 0.027778 0.027778
10 0.899510 0.817810 0.197712 0.357843
16 0.079248 0.591503 0.158497 0.444444
16 0.230392 0.580066 0.212418 0.388889
16 0.279412 0.366013 0.124183 0.156862
16 0.354575 0.528595 0.127451 0.161765
16 0.393791 0.367647 0.111111 0.160130
16 0.590686 0.676470 0.465686 0.643791
16 0.424019 0.528594 0.073529 0.109477
16 0.499183 0.500817 0.089870 0.089870
16 0.735294 0.559640 0.173202 0.295751
16 0.841503 0.547386 0.107843 0.183007
16 0.878268 0.498366 0.053922 0.104576
16 0.950981 0.554739 0.094771 0.171569
