5 0.298125 0.771791 0.100000 0.180881
5 0.362500 0.819119 0.117500 0.202436
5 0.404687 0.765230 0.096875 0.179007
5 0.512813 0.785380 0.114375 0.198688
5 0.628125 0.798032 0.111250 0.212746
5 0.625938 0.587629 0.029375 0.054358
5 0.684063 0.585754 0.028125 0.058107
5 0.731250 0.762418 0.110000 0.173384
5 0.778125 0.849110 0.132500 0.245548
5 0.745938 0.584817 0.026875 0.063730
5 0.879375 0.803655 0.116250 0.220244
11 0.101250 0.565136 0.087500 0.380506
11 0.496875 0.527647 0.062500 0.185567
11 0.710625 0.530928 0.106250 0.188378
