16 0.338750 0.745000 0.312500 0.506666
16 0.053750 0.375834 0.038750 0.053333
16 0.260937 0.469583 0.089375 0.152500
16 0.631250 0.404583 0.031250 0.059167
16 0.795937 0.483750 0.075625 0.127500
16 0.843125 0.507083 0.041250 0.077500
16 0.053437 0.603333 0.106875 0.200000
16 0.106875 0.832083 0.213750 0.334167
16 0.074375 0.476666 0.087500 0.188333
16 0.133750 0.517083 0.108750 0.192500
16 0.126250 0.368333 0.077500 0.115000
16 0.186563 0.593750 0.173125 0.300834
16 0.193125 0.402500 0.053750 0.101666
16 0.279687 0.448333 0.064375 0.110000
16 0.409375 0.539583 0.110000 0.189167
16 0.374687 0.400000 0.034375 0.068334
16 0.419375 0.423334 0.038750 0.063333
16 0.519062 0.541250 0.174375 0.340834
16 0.488437 0.485000 0.048125 0.150000
16 0.652500 0.413750 0.047500 0.075834
16 0.716250 0.729584 0.145000 0.539167
16 0.802188 0.759167 0.164375 0.476667
16 0.779375 0.405417 0.033750 0.069167
16 0.851562 0.447500 0.058125 0.108334
16 0.894688 0.530833 0.105625 0.165000
16 0.893750 0.424167 0.042500 0.090000
13 0.057500 0.655833 0.112500 0.073333
13 0.498125 0.480000 0.047500 0.040000
13 0.562500 0.462083 0.090000 0.034167
13 0.928125 0.514583 0.035000 0.025833
