5 0.015312 0.964252 0.030625 0.069614
5 0.037187 0.894637 0.074375 0.208843
5 0.051250 0.814206 0.102500 0.183443
5 0.051875 0.774694 0.103750 0.181562
5 0.194688 0.965663 0.319375 0.066792
5 0.113750 0.845249 0.112500 0.245531
5 0.162500 0.883819 0.207500 0.194732
5 0.112500 0.693321 0.071250 0.075259
5 0.187500 0.666040 0.067500 0.071495
5 0.204063 0.694262 0.080625 0.088429
5 0.252188 0.832550 0.140625 0.220131
5 0.310000 0.895579 0.200000 0.206961
5 0.260313 0.654281 0.070625 0.040451
5 0.289375 0.701317 0.085000 0.111948
5 0.348438 0.752587 0.120625 0.163688
5 0.327188 0.664158 0.073125 0.067732
5 0.388750 0.860772 0.155000 0.276575
5 0.399375 0.725306 0.100000 0.154280
5 0.403438 0.706491 0.084375 0.171214
5 0.498125 0.583726 0.046250 0.119473
5 0.523750 0.579962 0.043750 0.111947
5 0.584062 0.570555 0.040625 0.104422
5 0.632812 0.572437 0.043125 0.108185
5 0.674375 0.699906 0.086250 0.169332
5 0.692813 0.722954 0.089375 0.189088
5 0.675000 0.571496 0.036250 0.102540
5 0.694375 0.571495 0.041250 0.098777
5 0.706250 0.570555 0.047500 0.104422
5 0.746250 0.768579 0.106250 0.229539
5 0.750625 0.620414 0.066250 0.027282
5 0.773438 0.670743 0.079375 0.099718
5 0.817813 0.847601 0.146875 0.302916
5 0.804375 0.621355 0.082500 0.047977
5 0.842812 0.762465 0.108125 0.241769
5 0.849687 0.674977 0.070625 0.126999
5 0.917188 0.888053 0.164375 0.222013
5 0.925000 0.799154 0.148750 0.221073
5 0.936562 0.717780 0.084375 0.159924
