16 0.325163 0.567810 0.104575 0.125817
16 0.397876 0.775327 0.272876 0.210784
16 0.071896 0.555555 0.117647 0.150327
16 0.396242 0.528595 0.060458 0.200980
16 0.468955 0.517974 0.081699 0.271242
16 0.613562 0.501634 0.070262 0.111112
16 0.702615 0.591503 0.143791 0.284314
16 0.666667 0.469772 0.055555 0.070261
16 0.858660 0.455882 0.050654 0.098039
16 0.017974 0.630719 0.035948 0.098040
16 0.196078 0.536764 0.130719 0.125817
16 0.525327 0.599673 0.217320 0.189542
16 0.495916 0.555555 0.132353 0.215687
16 0.584151 0.462419 0.053921 0.156863
16 0.757353 0.458334 0.089870 0.142157
16 0.772876 0.477125 0.058824 0.104575
16 0.811275 0.598039 0.125817 0.316994
16 0.909313 0.624183 0.178105 0.336602
16 0.964870 0.450164 0.066993 0.119281
