0 0.029063 0.747916 0.051875 0.130833
0 0.063437 0.688333 0.048125 0.091667
0 0.131875 0.683333 0.032500 0.085000
0 0.143437 0.725834 0.053125 0.106667
0 0.198437 0.691666 0.054375 0.083333
0 0.260937 0.686250 0.045625 0.079166
0 0.299687 0.669583 0.026875 0.087500
0 0.326875 0.642083 0.030000 0.042500
0 0.339062 0.688750 0.046875 0.070834
0 0.414687 0.712500 0.043125 0.085000
0 0.444375 0.691666 0.022500 0.056667
0 0.468125 0.721250 0.033750 0.057500
0 0.499062 0.700416 0.023125 0.064167
0 0.519375 0.705834 0.027500 0.046667
0 0.536563 0.711667 0.020625 0.055000
0 0.560000 0.721250 0.021250 0.045834
