5 0.583750 0.838650 0.107500 0.270169
5 0.038125 0.636961 0.076250 0.106942
5 0.061250 0.923077 0.122500 0.150094
5 0.219375 0.627579 0.228750 0.099437
5 0.134375 0.616323 0.023750 0.065666
5 0.219375 0.918386 0.138750 0.159475
5 0.308750 0.781426 0.292500 0.196998
5 0.193125 0.718574 0.051250 0.082552
5 0.208125 0.726079 0.048750 0.071294
5 0.197500 0.638837 0.025000 0.058161
5 0.260625 0.770169 0.096250 0.020638
5 0.244375 0.648218 0.038750 0.058161
5 0.294375 0.644465 0.033750 0.065666
5 0.347500 0.907130 0.127500 0.181989
5 0.365000 0.849907 0.050000 0.161351
5 0.417500 0.781426 0.075000 0.174484
5 0.519375 0.706379 0.271250 0.174484
5 0.401250 0.651970 0.032500 0.054409
5 0.432500 0.664165 0.020000 0.045028
5 0.469375 0.712007 0.053750 0.125703
5 0.518750 0.723264 0.047500 0.133209
5 0.738750 0.864915 0.395000 0.266417
5 0.644375 0.869606 0.113750 0.253284
5 0.628125 0.821763 0.076250 0.221389
5 0.617500 0.698874 0.052500 0.084428
5 0.740625 0.883678 0.101250 0.228893
5 0.840000 0.877111 0.120000 0.230769
5 0.870625 0.859287 0.133750 0.236398
5 0.841875 0.981239 0.033750 0.033771
5 0.940625 0.965291 0.068750 0.065666
5 0.963125 0.795497 0.071250 0.198874
