2 0.248906 0.672139 0.047529 0.115384
2 0.268293 0.547843 0.045028 0.208255
2 0.289243 0.681520 0.028143 0.104128
2 0.291119 0.501407 0.031895 0.115384
2 0.296436 0.616323 0.042527 0.153846
2 0.348343 0.614447 0.041276 0.165103
2 0.376485 0.598968 0.022514 0.111632
2 0.399000 0.671201 0.042527 0.102251
2 0.466229 0.630863 0.028142 0.090994
2 0.533459 0.606004 0.050031 0.170732
2 0.554722 0.716228 0.051282 0.141651
2 0.594121 0.580675 0.051282 0.127579
2 0.597873 0.700751 0.046279 0.138837
2 0.837711 0.702627 0.048155 0.172608
2 0.868043 0.734991 0.057536 0.194184
2 0.898999 0.716228 0.028143 0.184803
