16 0.080625 0.310976 0.161250 0.331145
16 0.185625 0.141651 0.092500 0.223264
16 0.398125 0.684334 0.290000 0.629456
16 0.403438 0.147280 0.113125 0.242027
16 0.719062 0.654784 0.341875 0.553471
16 0.696250 0.210131 0.140000 0.236398
16 0.807500 0.276267 0.218750 0.334897
13 0.015312 0.117730 0.030625 0.029081
13 0.189375 0.659006 0.150000 0.109756
13 0.420937 0.375704 0.075625 0.044090
13 0.469688 0.176829 0.029375 0.042214
13 0.588437 0.199344 0.100625 0.053471
13 0.595000 0.056754 0.053750 0.047842
13 0.751875 0.698875 0.170000 0.078799
13 0.702500 0.189494 0.048750 0.031895
13 0.803438 0.196529 0.074375 0.034710
