16 0.069418 0.525000 0.110069 0.091666
16 0.143214 0.465417 0.027517 0.069167
16 0.175735 0.503333 0.083802 0.116667
16 0.294872 0.811250 0.154472 0.375834
16 0.446842 0.476666 0.099437 0.101667
16 0.432145 0.446250 0.028768 0.082500
16 0.564728 0.582500 0.076298 0.368334
16 0.634146 0.588750 0.081301 0.335834
16 0.786741 0.582500 0.110069 0.268334
16 0.841151 0.812500 0.122577 0.370000
16 0.108505 0.483750 0.061914 0.149166
16 0.350218 0.471666 0.091307 0.151667
16 0.522201 0.456250 0.040025 0.144166
16 0.620075 0.838750 0.176986 0.320834
16 0.702627 0.445000 0.095685 0.140000
