16 0.789062 0.518334 0.418125 0.958333
16 0.408125 0.499584 0.518750 0.999167
16 0.182188 0.443750 0.031875 0.077500
16 0.236250 0.478333 0.076250 0.136667
16 0.081562 0.476666 0.163125 0.253333
16 0.113125 0.782500 0.226250 0.433334
16 0.097500 0.442500 0.035000 0.091666
16 0.167500 0.496667 0.112500 0.193333
16 0.760625 0.518334 0.477500 0.961667
16 0.815625 0.359584 0.035000 0.119167
16 0.900313 0.405833 0.198125 0.570000
13 0.601562 0.343750 0.023125 0.022500
13 0.931563 0.235000 0.131875 0.055000
