5 0.195625 0.680000 0.071250 0.121666
5 0.206563 0.660834 0.046875 0.111667
5 0.273750 0.675833 0.070000 0.116667
5 0.280000 0.658334 0.065000 0.116667
5 0.324375 0.612084 0.032500 0.074167
5 0.353750 0.617916 0.036250 0.075833
5 0.389062 0.611250 0.034375 0.075834
5 0.410937 0.591666 0.029375 0.058333
5 0.435625 0.577500 0.027500 0.048334
5 0.568437 0.855417 0.189375 0.287500
5 0.685937 0.829167 0.101875 0.340000
5 0.660312 0.717083 0.048125 0.242500
5 0.664688 0.570000 0.020625 0.043334
5 0.688750 0.572500 0.027500 0.048334
5 0.720313 0.585417 0.025625 0.035833
5 0.753750 0.659166 0.076250 0.088333
5 0.869687 0.915417 0.259375 0.167500
5 0.761250 0.584583 0.032500 0.034167
5 0.801875 0.623750 0.048750 0.084166
5 0.852812 0.664583 0.094375 0.117500
5 0.849375 0.631250 0.046250 0.085834
5 0.889375 0.660834 0.075000 0.106667
5 0.899687 0.647500 0.054375 0.105000
5 0.945000 0.770000 0.108750 0.161666
5 0.961250 0.657500 0.076250 0.086666
5 0.966562 0.648750 0.065625 0.095834
