16 0.330937 0.383302 0.154375 0.294281
5 0.035625 0.682657 0.071250 0.108856
5 0.075938 0.841789 0.039375 0.314575
5 0.271875 0.898062 0.253750 0.202029
5 0.559688 0.645757 0.115625 0.142067
5 0.720625 0.779059 0.057500 0.286900
16 0.072188 0.555812 0.118125 0.353321
16 0.092813 0.384686 0.076875 0.177122
16 0.157187 0.709870 0.170625 0.578413
16 0.165625 0.373155 0.100000 0.279520
16 0.257188 0.582103 0.185625 0.357933
16 0.329688 0.732011 0.269375 0.497232
16 0.246875 0.373617 0.091250 0.291513
16 0.310312 0.288745 0.066875 0.073801
16 0.395625 0.539668 0.121250 0.238008
16 0.387188 0.380997 0.079375 0.234317
16 0.396250 0.440498 0.063750 0.126384
16 0.448125 0.425277 0.040000 0.138376
16 0.557813 0.520757 0.125625 0.329335
16 0.597500 0.696033 0.195000 0.497232
16 0.725938 0.464023 0.129375 0.201107
16 0.737812 0.636993 0.124375 0.467712
16 0.742188 0.415590 0.099375 0.198339
16 0.875312 0.425277 0.115625 0.282288
16 0.910000 0.486623 0.173750 0.189115
