16 0.708125 0.568416 0.166250 0.246486
5 0.143437 0.526710 0.025625 0.082475
5 0.196875 0.654639 0.107500 0.184630
5 0.234687 0.522025 0.029375 0.076851
5 0.261563 0.522025 0.021875 0.069353
5 0.381563 0.597001 0.056875 0.164948
5 0.423750 0.620431 0.058750 0.208060
5 0.425312 0.512652 0.023125 0.033739
5 0.448750 0.526242 0.045000 0.053421
5 0.502812 0.640113 0.141875 0.159325
5 0.505938 0.518744 0.028125 0.030928
5 0.558437 0.613402 0.071875 0.182756
5 0.589063 0.526242 0.033125 0.034677
5 0.650625 0.529991 0.031250 0.042175
5 0.792188 0.650891 0.058125 0.137769
5 0.977500 0.594658 0.043750 0.139644
16 0.324688 0.573571 0.185625 0.369260
16 0.615625 0.508903 0.052500 0.073103
16 0.654687 0.484067 0.023125 0.064667
16 0.838437 0.514995 0.034375 0.122774
16 0.164375 0.604967 0.328750 0.611996
16 0.463438 0.474227 0.031875 0.071228
16 0.495938 0.471415 0.025625 0.073102
16 0.535313 0.500000 0.041875 0.068416
16 0.923437 0.540300 0.093125 0.265230
