5 0.040625 0.874135 0.081250 0.248963
5 0.065000 0.694329 0.118750 0.461964
5 0.113125 0.467496 0.053750 0.179807
5 0.201250 0.811895 0.148750 0.373444
5 0.213125 0.285615 0.046250 0.156293
5 0.362500 0.409405 0.055000 0.188105
5 0.479375 0.779392 0.168750 0.424619
5 0.453125 0.455048 0.057500 0.237897
5 0.497500 0.334716 0.051250 0.121715
5 0.506875 0.426003 0.055000 0.215768
5 0.572500 0.717843 0.142500 0.453665
5 0.549375 0.457815 0.045000 0.199170
5 0.677500 0.560166 0.072500 0.340248
5 0.700000 0.340940 0.043750 0.084371
5 0.744687 0.552558 0.110625 0.308437
5 0.794062 0.511065 0.083125 0.266944
5 0.855312 0.426003 0.073125 0.204703
5 0.947812 0.393499 0.063125 0.161826
5 0.975313 0.376902 0.048125 0.156293
