2 0.503452 0.606822 0.959566 0.221139
2 0.063116 0.341454 0.065089 0.216642
2 0.457101 0.851574 0.813609 0.199400
2 0.121302 0.092954 0.122288 0.151425
2 0.141025 0.339955 0.108481 0.240630
2 0.251479 0.098951 0.110454 0.152923
2 0.254931 0.336581 0.101578 0.226387
2 0.366864 0.341454 0.090730 0.240630
2 0.479290 0.093328 0.110454 0.147676
2 0.483235 0.343328 0.106509 0.226387
2 0.593195 0.866567 0.087771 0.199400
2 0.616864 0.095577 0.119330 0.152174
2 0.616371 0.342204 0.114398 0.228636
2 0.713511 0.344828 0.133136 0.223389
2 0.724359 0.097077 0.099606 0.149175
2 0.831361 0.092954 0.092702 0.164917
2 0.846647 0.338081 0.111440 0.223388
2 0.927022 0.340705 0.090730 0.215143
