5 0.016573 0.820525 0.033146 0.096532
5 0.112258 0.763823 0.120701 0.140581
5 0.269856 0.691659 0.064415 0.084348
5 0.348030 0.643862 0.086930 0.088097
5 0.462789 0.885661 0.191370 0.226804
5 0.410882 0.620899 0.043777 0.053421
5 0.446217 0.607310 0.034397 0.054358
5 0.533458 0.824273 0.152595 0.298969
5 0.490932 0.574508 0.047530 0.065604
5 0.534709 0.567479 0.047530 0.042174
5 0.578487 0.762887 0.105065 0.256795
5 0.597873 0.559044 0.036273 0.034676
5 0.614133 0.687442 0.065041 0.190253
5 0.648530 0.635427 0.047530 0.144329
5 0.812383 0.619962 0.060038 0.117151
5 0.825828 0.663074 0.086929 0.165886
5 0.821451 0.635427 0.073170 0.140581
5 0.835522 0.698687 0.096310 0.208997
5 0.847717 0.725399 0.113196 0.232427
5 0.866166 0.770853 0.106317 0.265230
10 0.287367 0.822868 0.574734 0.352390
24 0.100375 0.485942 0.194497 0.358950
