16 0.778125 0.600000 0.168750 0.595834
14 0.298437 0.510417 0.168750 0.258333
14 0.392968 0.344792 0.120313 0.102083
14 0.407813 0.495834 0.128125 0.245833
14 0.489062 0.345834 0.109375 0.104167
14 0.518750 0.494791 0.146876 0.197917
14 0.582031 0.342708 0.098438 0.164583
14 0.637500 0.505208 0.118750 0.293750
14 0.710157 0.385417 0.110937 0.150000
14 0.782031 0.573958 0.167187 0.356250
16 0.282031 0.611459 0.132812 0.585417
16 0.399219 0.596875 0.123438 0.564584
16 0.488281 0.488541 0.089062 0.464583
16 0.514844 0.594791 0.129687 0.564583
16 0.567188 0.485416 0.081250 0.479167
16 0.636718 0.586458 0.139063 0.643750
16 0.711719 0.527083 0.104688 0.575000
