16 0.434640 0.582812 0.428571 0.540625
5 0.084033 0.839375 0.168067 0.320000
5 0.093838 0.509687 0.187675 0.253125
5 0.228292 0.402500 0.176471 0.163750
5 0.431373 0.500625 0.431373 0.223750
5 0.281979 0.438438 0.119515 0.095625
5 0.436508 0.675938 0.413632 0.448125
5 0.718954 0.838437 0.560224 0.321875
5 0.710551 0.377812 0.171802 0.118125
5 0.915500 0.568125 0.167133 0.181250
5 0.926704 0.715313 0.144724 0.146875
16 0.141924 0.409375 0.283847 0.290000
16 0.178338 0.376875 0.216620 0.287500
16 0.678338 0.385313 0.350140 0.259375
