5 0.063750 0.724686 0.120000 0.224268
5 0.113750 0.581171 0.040000 0.074477
5 0.149688 0.678243 0.091875 0.206695
5 0.295000 0.638076 0.083750 0.156485
5 0.298750 0.545188 0.047500 0.077824
5 0.315625 0.527196 0.027500 0.061925
5 0.343125 0.610461 0.048750 0.139749
5 0.340625 0.519665 0.033750 0.055230
5 0.363437 0.516318 0.024375 0.048536
5 0.393125 0.583682 0.047500 0.106276
5 0.437188 0.548536 0.030625 0.101255
5 0.588437 0.645606 0.068125 0.138075
5 0.601250 0.674895 0.076250 0.158159
5 0.605625 0.688703 0.036250 0.055230
5 0.686250 0.930962 0.176250 0.136402
5 0.963437 0.789540 0.071875 0.266946
