16 0.848485 0.526272 0.234848 0.320339
16 0.148990 0.591525 0.217172 0.355933
16 0.145202 0.203390 0.176768 0.264407
16 0.166667 0.877966 0.209596 0.240678
16 0.498738 0.827118 0.335859 0.342373
16 0.561868 0.542373 0.214647 0.227118
16 0.583965 0.163559 0.145202 0.327119
16 0.846591 0.165254 0.296718 0.330508
16 0.854167 0.841525 0.289141 0.313559
13 0.138258 0.227966 0.142677 0.055932
13 0.150253 0.538135 0.106061 0.035593
13 0.487374 0.838983 0.184343 0.057627
13 0.522727 0.509322 0.075758 0.042372
13 0.864899 0.150000 0.138888 0.042372
13 0.893308 0.805932 0.130050 0.055932
