16 0.741796 0.843029 0.269531 0.313941
16 0.075781 0.600988 0.151562 0.326016
16 0.304688 0.657519 0.293749 0.379802
16 0.889062 0.851811 0.200000 0.294182
16 0.039843 0.481339 0.079687 0.308452
16 0.072656 0.828210 0.145313 0.341383
16 0.197265 0.642151 0.250781 0.403951
16 0.306250 0.837541 0.260938 0.322722
16 0.470313 0.781559 0.282813 0.434687
16 0.443359 0.510428 0.217969 0.346872
16 0.608985 0.559824 0.225781 0.535675
16 0.737891 0.739846 0.414843 0.518112
16 0.677735 0.357849 0.103907 0.300769
16 0.764453 0.611965 0.202344 0.549945
13 0.708593 0.804061 0.095313 0.047201
13 0.904297 0.812294 0.091406 0.061471
