16 0.760254 0.606882 0.168946 0.631039
14 0.436035 0.625183 0.163086 0.325036
14 0.630860 0.551976 0.083985 0.275257
14 0.786132 0.566618 0.123047 0.360176
16 0.383301 0.425330 0.053711 0.165447
16 0.572265 0.570278 0.056641 0.472914
16 0.637207 0.611274 0.086914 0.510981
16 0.682617 0.620059 0.072266 0.499268
16 0.692383 0.391655 0.076172 0.150805
16 0.137207 0.423866 0.020508 0.101025
16 0.207031 0.442167 0.039062 0.181552
16 0.241699 0.475110 0.038086 0.253294
16 0.270019 0.459004 0.045899 0.226940
16 0.325684 0.493411 0.063477 0.319180
16 0.359864 0.460469 0.084961 0.300147
16 0.350098 0.456076 0.051758 0.226940
16 0.513184 0.587116 0.118164 0.591508
