16 0.036875 0.419166 0.073750 0.243333
16 0.085312 0.377916 0.170625 0.204167
16 0.083437 0.322917 0.089375 0.187500
16 0.158438 0.538334 0.220625 0.418333
16 0.208125 0.758750 0.242500 0.480834
16 0.438750 0.658750 0.590000 0.680834
16 0.248125 0.360833 0.101250 0.218333
16 0.303750 0.506250 0.123750 0.302500
16 0.347187 0.352083 0.055625 0.105833
16 0.578125 0.482916 0.093750 0.145833
16 0.765937 0.757917 0.466875 0.482500
16 0.645938 0.482083 0.069375 0.165833
16 0.828750 0.643750 0.335000 0.489166
13 0.200625 0.586667 0.110000 0.045000
13 0.304063 0.415833 0.065625 0.023333
