16 0.061875 0.325105 0.118750 0.292050
16 0.238750 0.239331 0.187500 0.304603
16 0.269062 0.659415 0.071875 0.172385
16 0.450625 0.684519 0.208750 0.200837
16 0.446562 0.679080 0.193125 0.271967
16 0.503125 0.217573 0.106250 0.251046
16 0.711875 0.623849 0.212500 0.290377
16 0.913438 0.594142 0.089375 0.138912
1 0.062187 0.802929 0.124375 0.392468
1 0.083437 0.382846 0.166875 0.492887
1 0.236875 0.781590 0.305000 0.435146
1 0.258437 0.301674 0.326875 0.548117
1 0.475313 0.730544 0.308125 0.522176
1 0.503437 0.267364 0.299375 0.441004
1 0.716250 0.684937 0.306250 0.501255
1 0.754687 0.242260 0.244375 0.387447
1 0.902813 0.659414 0.193125 0.473640
1 0.919687 0.227197 0.159375 0.380753
