2 0.040938 0.158120 0.081875 0.143590
2 0.102500 0.869658 0.205000 0.258974
2 0.143437 0.739743 0.286875 0.315385
2 0.055938 0.467948 0.020625 0.115385
2 0.076563 0.450427 0.033125 0.157265
2 0.091562 0.447435 0.031875 0.171795
2 0.090313 0.086324 0.021875 0.133333
2 0.108750 0.451709 0.033750 0.173505
2 0.143750 0.451282 0.093750 0.201710
2 0.135937 0.242308 0.025625 0.158120
2 0.246563 0.161966 0.183125 0.291453
2 0.192500 0.448718 0.055000 0.210256
2 0.211250 0.910683 0.038750 0.096581
2 0.223438 0.972222 0.039375 0.053846
2 0.227813 0.455129 0.030625 0.233333
2 0.243437 0.459402 0.025625 0.231624
2 0.254375 0.937180 0.042500 0.123931
2 0.513750 0.821368 0.502500 0.355555
2 0.279687 0.958974 0.021875 0.080342
2 0.283438 0.431196 0.024375 0.301709
2 0.300938 0.430342 0.020625 0.306838
2 0.313125 0.961538 0.040000 0.075213
2 0.318125 0.428632 0.032500 0.320513
2 0.338438 0.118804 0.033125 0.237607
2 0.361250 0.433334 0.051250 0.340171
2 0.362187 0.116667 0.021875 0.233333
2 0.381875 0.108119 0.036250 0.216239
2 0.399062 0.419658 0.039375 0.336752
2 0.407500 0.440599 0.043750 0.335897
2 0.410625 0.103846 0.021250 0.207692
2 0.431250 0.435042 0.052500 0.347009
2 0.452500 0.101282 0.046250 0.190598
2 0.475312 0.436752 0.054375 0.353846
2 0.484687 0.094872 0.021875 0.189744
2 0.513750 0.418803 0.078750 0.434188
2 0.521250 0.090598 0.043750 0.181197
2 0.577187 0.437607 0.078125 0.411966
2 0.629687 0.423932 0.090625 0.446154
2 0.604062 0.073931 0.036875 0.147863
2 0.718125 0.430770 0.098750 0.482051
2 0.784062 0.468376 0.084375 0.430770
2 0.849688 0.447436 0.079375 0.455556
2 0.877500 0.555129 0.061250 0.320513
