2 0.179688 0.749074 0.317709 0.427778
2 0.217188 0.195371 0.180209 0.212963
2 0.405729 0.874074 0.138542 0.237037
2 0.435937 0.582407 0.128125 0.198148
2 0.444792 0.050000 0.070833 0.100000
2 0.442188 0.181482 0.036459 0.140741
2 0.513542 0.910185 0.131250 0.175926
2 0.505208 0.398148 0.072917 0.203704
2 0.573959 0.487963 0.104167 0.175926
2 0.614583 0.985185 0.110417 0.025926
2 0.588542 0.107407 0.056250 0.100000
2 0.635417 0.908333 0.097917 0.146296
2 0.697396 0.445371 0.044792 0.083333
2 0.729688 0.188889 0.078125 0.214815
2 0.821875 0.662037 0.241666 0.661112
2 0.960938 0.828704 0.076041 0.338889
