2 0.047813 0.331562 0.029375 0.071875
2 0.084687 0.330000 0.030625 0.078750
2 0.118438 0.323125 0.030625 0.106250
2 0.154375 0.328125 0.027500 0.088750
2 0.183438 0.329063 0.030625 0.090625
2 0.216875 0.330000 0.032500 0.085000
2 0.251250 0.332500 0.032500 0.087500
2 0.291250 0.335000 0.033750 0.088750
2 0.322813 0.337500 0.025625 0.083750
2 0.356875 0.334375 0.032500 0.087500
2 0.613438 0.335000 0.030625 0.085000
2 0.659375 0.333437 0.028750 0.085625
2 0.697812 0.331875 0.030625 0.088750
2 0.735313 0.327500 0.034375 0.090000
2 0.772188 0.328438 0.035625 0.085625
2 0.808750 0.322500 0.033750 0.097500
2 0.846562 0.323125 0.030625 0.085000
2 0.881250 0.319688 0.032500 0.091875
2 0.920625 0.318125 0.032500 0.092500
2 0.958125 0.308750 0.028750 0.087500
