2 0.027813 0.757291 0.055625 0.248354
2 0.033438 0.209784 0.066875 0.141110
2 0.075000 0.277046 0.150000 0.554092
2 0.194688 0.695672 0.129375 0.352775
2 0.218750 0.471307 0.165000 0.632173
2 0.323438 0.794920 0.123125 0.408278
2 0.385938 0.200847 0.184375 0.401693
2 0.372500 0.568673 0.152500 0.727187
2 0.512188 0.497177 0.146875 0.665099
2 0.504375 0.789746 0.121250 0.418626
2 0.593750 0.232831 0.146250 0.465663
2 0.615938 0.964723 0.068125 0.068673
2 0.660625 0.522107 0.147500 0.711195
2 0.669687 0.777516 0.129375 0.443085
2 0.735937 0.927093 0.081875 0.143932
2 0.780000 0.757291 0.108750 0.483537
2 0.809375 0.545625 0.147500 0.780809
2 0.912500 0.708843 0.173750 0.580432
2 0.875938 0.955785 0.075625 0.086547
2 0.972500 0.882879 0.053750 0.117592
