16 0.157128 0.291666 0.154427 0.466981
16 0.251080 0.629717 0.327214 0.564466
16 0.285637 0.298742 0.165227 0.424528
16 0.339633 0.133648 0.214903 0.169811
16 0.386070 0.680032 0.262419 0.611635
16 0.587473 0.821541 0.559396 0.353774
16 0.385529 0.285378 0.142548 0.429245
16 0.488121 0.588836 0.190064 0.360063
16 0.460583 0.275157 0.126350 0.487421
16 0.578294 0.183962 0.109071 0.220126
16 0.697084 0.514151 0.191145 0.638364
16 0.644709 0.113994 0.071275 0.152516
16 0.708423 0.193396 0.114471 0.292453
16 0.816955 0.508648 0.160907 0.847484
