2 0.095312 0.667968 0.031250 0.167187
2 0.124218 0.835156 0.070313 0.114062
2 0.111719 0.667188 0.039062 0.128125
2 0.122657 0.742969 0.048437 0.135938
2 0.146875 0.679688 0.053126 0.128125
2 0.172656 0.743750 0.032813 0.146874
2 0.185157 0.825781 0.045313 0.126563
2 0.183594 0.685938 0.029687 0.125000
2 0.186719 0.636719 0.029687 0.057812
2 0.209375 0.739062 0.040624 0.140625
2 0.226562 0.685156 0.034375 0.151563
2 0.239844 0.817969 0.054688 0.104688
2 0.252343 0.724218 0.035937 0.157813
2 0.257032 0.649219 0.035937 0.104688
2 0.275781 0.632032 0.020312 0.079687
2 0.284375 0.986719 0.031250 0.023438
2 0.293750 0.677343 0.043750 0.148437
2 0.288281 0.716406 0.026562 0.120313
2 0.303125 0.814063 0.046875 0.106250
2 0.318750 0.983594 0.028124 0.029688
2 0.332031 0.674999 0.039062 0.153125
2 0.331250 0.707812 0.028126 0.096875
2 0.348437 0.807031 0.059375 0.120313
2 0.332813 0.981251 0.021875 0.034375
2 0.350000 0.982031 0.025000 0.032813
2 0.364062 0.669531 0.028125 0.101562
2 0.378907 0.982031 0.023437 0.032813
2 0.391406 0.621094 0.020313 0.067188
2 0.400000 0.721875 0.037500 0.071874
2 0.404687 0.782812 0.040625 0.125000
2 0.412500 0.973438 0.031250 0.050000
2 0.417188 0.675782 0.034375 0.114063
2 0.432031 0.709375 0.035938 0.071876
2 0.442968 0.785157 0.048437 0.104687
2 0.442969 0.677344 0.026562 0.089063
2 0.444531 0.979688 0.026562 0.037500
2 0.477344 0.966406 0.042187 0.064063
2 0.475000 0.728906 0.034376 0.114062
2 0.470313 0.647657 0.021875 0.070313
2 0.496094 0.794531 0.045313 0.082813
2 0.507812 0.723437 0.024999 0.109375
2 0.539844 0.773438 0.032812 0.115625
