5 0.574999 0.792709 0.140625 0.335417
24 0.579687 0.386458 0.256250 0.302083
16 0.235156 0.567709 0.082813 0.235417
5 0.178907 0.866667 0.189063 0.250000
5 0.218750 0.867708 0.221875 0.260417
5 0.518750 0.561458 0.037500 0.043750
5 0.671875 0.777083 0.156250 0.300000
5 0.651562 0.559375 0.050000 0.027084
5 0.824219 0.832292 0.123438 0.331250
5 0.936719 0.854167 0.123438 0.287500
24 0.823438 0.469792 0.087500 0.168750
16 0.117188 0.647917 0.087501 0.254167
16 0.308594 0.757292 0.404688 0.481250
16 0.442187 0.529167 0.090625 0.262500
16 0.621094 0.669791 0.254688 0.339583
16 0.932813 0.663542 0.131250 0.147917
