2 0.085000 0.896667 0.170000 0.058333
2 0.085625 0.955417 0.171250 0.069167
2 0.092187 0.840834 0.168125 0.053333
2 0.091562 0.795000 0.164375 0.045000
2 0.093125 0.745000 0.158750 0.045000
2 0.097500 0.698333 0.152500 0.048333
2 0.099375 0.646667 0.146250 0.045000
2 0.107813 0.602917 0.146875 0.040833
2 0.062500 0.566667 0.051250 0.020000
2 0.064375 0.529583 0.042500 0.022500
2 0.106250 0.985834 0.121250 0.026667
2 0.123125 0.323333 0.155000 0.351667
2 0.488437 0.522084 0.815625 0.289167
2 0.235937 0.036667 0.134375 0.045000
2 0.290000 0.207083 0.113750 0.032500
2 0.287813 0.257916 0.106875 0.034167
2 0.291250 0.235417 0.113750 0.027500
2 0.294375 0.357500 0.120000 0.035000
2 0.305937 0.925833 0.143125 0.055000
2 0.262813 0.951250 0.054375 0.022500
2 0.292500 0.428334 0.113750 0.038333
2 0.295625 0.598750 0.120000 0.034166
2 0.298125 0.636667 0.125000 0.048333
2 0.298125 0.725000 0.125000 0.046666
2 0.301563 0.770833 0.131875 0.055000
2 0.304688 0.865000 0.138125 0.056666
2 0.300937 0.688333 0.128125 0.035000
2 0.266562 0.890416 0.056875 0.025833
2 0.295625 0.328334 0.115000 0.038333
2 0.297500 0.388750 0.118750 0.040834
2 0.309063 0.968750 0.141875 0.060834
2 0.307188 0.817500 0.135625 0.055000
2 0.296250 0.295833 0.111250 0.041667
2 0.297500 0.173334 0.113750 0.038333
2 0.386250 0.062500 0.120000 0.061666
2 0.390000 0.035833 0.125000 0.050000
2 0.437187 0.739167 0.044375 0.141667
2 0.450000 0.948333 0.048750 0.101667
2 0.451250 0.835833 0.036250 0.120000
2 0.624375 0.140416 0.145000 0.280833
2 0.595312 0.079584 0.050625 0.159167
2 0.687500 0.174167 0.155000 0.348333
2 0.703125 0.245833 0.165000 0.276667
2 0.704375 0.685833 0.123750 0.116667
2 0.767813 0.294167 0.149375 0.195000
2 0.850625 0.833750 0.297500 0.279166
2 0.906875 0.945833 0.185000 0.106667
