16 0.745000 0.441151 0.211250 0.728319
16 0.092187 0.381858 0.076875 0.404425
16 0.136563 0.345133 0.080625 0.286726
16 0.260937 0.315045 0.029375 0.215929
16 0.283125 0.322124 0.048750 0.306194
16 0.339375 0.300443 0.038750 0.172567
16 0.346562 0.320354 0.024375 0.164602
16 0.428438 0.308849 0.026875 0.155753
16 0.529062 0.355310 0.056875 0.386726
16 0.645625 0.333186 0.061250 0.321239
16 0.832812 0.376991 0.069375 0.430088
16 0.031250 0.263717 0.062500 0.153982
16 0.148125 0.235841 0.051250 0.115929
16 0.219375 0.357965 0.155000 0.383186
16 0.183438 0.328319 0.038125 0.224779
16 0.384687 0.356195 0.069375 0.416814
16 0.432812 0.281416 0.026875 0.146902
16 0.447188 0.272124 0.030625 0.110620
16 0.482500 0.314602 0.057500 0.253982
16 0.579687 0.346460 0.083125 0.457522
