5 0.209375 0.452222 0.045000 0.111111
5 0.210625 0.422778 0.046250 0.045556
5 0.218750 0.491667 0.052500 0.130000
5 0.223750 0.407778 0.042500 0.062222
5 0.261875 0.674445 0.105000 0.293333
5 0.283750 0.764444 0.121250 0.344445
5 0.259375 0.488889 0.065000 0.057778
5 0.271250 0.420556 0.042500 0.050000
5 0.284062 0.407778 0.041875 0.066667
5 0.320000 0.479444 0.066250 0.130000
5 0.341562 0.498889 0.080625 0.111111
5 0.405938 0.658334 0.114375 0.303333
5 0.377500 0.445555 0.050000 0.117777
5 0.447500 0.726666 0.107500 0.315555
5 0.427813 0.404444 0.034375 0.060000
5 0.443750 0.481666 0.052500 0.125555
5 0.452500 0.443334 0.045000 0.111111
5 0.453750 0.410555 0.041250 0.047777
5 0.465938 0.488889 0.065625 0.095556
5 0.475000 0.365556 0.062500 0.091111
5 0.471250 0.358333 0.031250 0.045555
5 0.518125 0.471666 0.046250 0.125555
5 0.554375 0.478889 0.060000 0.088889
5 0.576875 0.628889 0.102500 0.280000
5 0.587187 0.391111 0.024375 0.075556
5 0.659375 0.392778 0.160000 0.150000
5 0.654688 0.705000 0.123125 0.303334
5 0.618437 0.408889 0.033125 0.097778
5 0.646875 0.417778 0.051250 0.097778
5 0.653438 0.336111 0.025625 0.030000
5 0.705625 0.611667 0.103750 0.258889
5 0.697500 0.415556 0.050000 0.093333
5 0.727812 0.432778 0.025625 0.114444
5 0.780312 0.671111 0.130625 0.288889
5 0.886250 0.472778 0.058750 0.152222
5 0.895312 0.396111 0.036875 0.030000
5 0.931250 0.465000 0.058750 0.145556
5 0.929688 0.397222 0.034375 0.032222
5 0.954063 0.497778 0.083125 0.164444
5 0.932500 0.360000 0.032500 0.053334
5 0.962500 0.371111 0.036250 0.075556
5 0.985938 0.463889 0.026875 0.134444
