5 0.796875 0.649341 0.171874 0.300146
5 0.440918 0.517570 0.065430 0.147877
5 0.495606 0.555637 0.088867 0.121522
5 0.541015 0.430454 0.021485 0.070278
5 0.677735 0.601757 0.099609 0.243046
5 0.676758 0.456076 0.037109 0.130308
10 0.365234 0.786969 0.316407 0.423133
16 0.410644 0.485359 0.096679 0.215227
16 0.463378 0.496340 0.147461 0.204978
16 0.469239 0.412152 0.040039 0.092240
16 0.553223 0.554172 0.184570 0.352855
16 0.528320 0.407760 0.025391 0.083456
16 0.570801 0.470718 0.065430 0.177159
16 0.562500 0.414349 0.035156 0.108345
16 0.698731 0.522694 0.129883 0.289898
16 0.788086 0.589312 0.201172 0.431918
16 0.894043 0.426793 0.081054 0.127379
16 0.916992 0.336750 0.056640 0.096633
