16 0.758750 0.748750 0.178750 0.482500
16 0.075313 0.745000 0.150625 0.508334
16 0.160938 0.348750 0.064375 0.164166
16 0.187500 0.294166 0.030000 0.058333
16 0.212812 0.319584 0.049375 0.074167
16 0.312812 0.362500 0.130625 0.191666
16 0.469062 0.715417 0.125625 0.500833
16 0.484375 0.487500 0.078750 0.145000
16 0.675937 0.481250 0.099375 0.242500
16 0.856563 0.502084 0.109375 0.239167
25 0.160625 0.300834 0.242500 0.141667
25 0.554063 0.377500 0.130625 0.170000
25 0.937188 0.439584 0.124375 0.240833
16 0.261562 0.627500 0.481875 0.743334
16 0.320625 0.330417 0.040000 0.140833
16 0.502812 0.014167 0.026875 0.028333
16 0.602187 0.696250 0.221875 0.605834
16 0.875000 0.755417 0.248750 0.487500
