2 0.052917 0.286320 0.024167 0.106045
2 0.057500 0.618770 0.031666 0.132556
2 0.075833 0.441146 0.023333 0.144221
2 0.087916 0.619830 0.029167 0.130435
2 0.099583 0.294274 0.032500 0.085896
2 0.107083 0.444856 0.025833 0.130435
2 0.117083 0.614528 0.027500 0.130434
2 0.138750 0.454932 0.027500 0.116649
2 0.147917 0.599152 0.022500 0.108165
2 0.152084 0.279958 0.029167 0.114528
2 0.175833 0.474549 0.035000 0.081654
2 0.182917 0.627784 0.027500 0.106045
2 0.195833 0.272535 0.023333 0.127253
2 0.212083 0.442736 0.022500 0.141040
2 0.217083 0.630435 0.027500 0.107105
2 0.234584 0.260340 0.024167 0.158007
2 0.244167 0.448039 0.021667 0.130435
2 0.253750 0.636267 0.024166 0.116649
2 0.274166 0.463945 0.026667 0.096500
2 0.273334 0.269883 0.023333 0.134677
2 0.287917 0.634676 0.027500 0.113467
2 0.313750 0.451750 0.030834 0.125133
2 0.321667 0.633086 0.030000 0.106044
2 0.321250 0.283670 0.022500 0.111347
2 0.350000 0.445917 0.031666 0.130435
2 0.357500 0.631495 0.025000 0.113468
2 0.364167 0.287911 0.030000 0.102864
2 0.386250 0.613998 0.027500 0.089078
2 0.388750 0.443266 0.027500 0.142100
2 0.410833 0.299046 0.038333 0.076352
2 0.427084 0.437434 0.035833 0.147402
2 0.424583 0.610286 0.027500 0.102863
2 0.585417 0.623012 0.185833 0.141039
2 0.562083 0.292683 0.032500 0.082714
2 0.575417 0.448569 0.027500 0.135737
2 0.607500 0.445387 0.021666 0.133616
2 0.612917 0.279958 0.027500 0.114528
2 0.645417 0.447508 0.032500 0.131496
2 0.667917 0.287911 0.034167 0.092258
2 0.718750 0.626723 0.102500 0.133616
2 0.683750 0.436373 0.022500 0.151644
2 0.716667 0.447508 0.025000 0.114528
2 0.751667 0.435313 0.021667 0.155886
2 0.763750 0.646872 0.027500 0.114528
2 0.787500 0.436373 0.025000 0.138918
2 0.835417 0.592789 0.109167 0.095440
2 0.795000 0.281548 0.026666 0.111347
2 0.822917 0.439555 0.022500 0.147402
2 0.832500 0.601803 0.021666 0.092259
2 0.855000 0.284199 0.028334 0.095440
2 0.857500 0.449629 0.030000 0.123012
2 0.896667 0.443796 0.025000 0.143160
2 0.910834 0.283139 0.031667 0.110286
2 0.912500 0.559385 0.031666 0.090138
2 0.928333 0.448569 0.021667 0.125133
