5 0.163750 0.799584 0.147500 0.269167
5 0.230938 0.832500 0.168125 0.261666
5 0.546250 0.791667 0.118750 0.270000
5 0.626250 0.878750 0.147500 0.237500
5 0.734687 0.560416 0.299375 0.589167
5 0.947812 0.313334 0.064375 0.053333
5 0.987812 0.338750 0.023125 0.067500
16 0.494687 0.106666 0.044375 0.178333
16 0.604688 0.801250 0.210625 0.337500
16 0.697500 0.595417 0.126250 0.224167
16 0.800938 0.755000 0.133125 0.305000
16 0.910000 0.260833 0.077500 0.118333
16 0.915937 0.365834 0.048125 0.108333
