16 0.398125 0.656863 0.132500 0.661998
16 0.124688 0.641456 0.148125 0.702147
16 0.037187 0.568161 0.074375 0.331466
16 0.240000 0.696079 0.141250 0.605975
16 0.491563 0.684874 0.114375 0.626518
16 0.574375 0.690009 0.138750 0.618114
16 0.020625 0.407563 0.041250 0.193278
16 0.048750 0.471989 0.051250 0.254902
16 0.086875 0.413632 0.047500 0.164332
16 0.170000 0.389822 0.052500 0.135387
16 0.305312 0.634454 0.111875 0.729225
16 0.457813 0.419702 0.076875 0.137255
16 0.490312 0.365080 0.024375 0.035481
16 0.625625 0.687675 0.102500 0.600374
16 0.697500 0.646592 0.148750 0.675070
16 0.753750 0.476191 0.063750 0.205415
16 0.810312 0.670401 0.125625 0.597573
16 0.900937 0.652195 0.130625 0.626517
16 0.950313 0.591503 0.078125 0.493931
16 0.984063 0.402427 0.030625 0.080299
