5 0.695417 0.865938 0.229167 0.253125
16 0.196250 0.824688 0.262500 0.314375
5 0.086667 0.745313 0.141667 0.129375
5 0.197500 0.877500 0.230000 0.243750
5 0.243750 0.778438 0.182500 0.203125
5 0.436667 0.957812 0.285000 0.083125
5 0.445416 0.818750 0.175833 0.126250
5 0.438750 0.720313 0.115834 0.090625
5 0.633333 0.770938 0.141667 0.188125
5 0.802917 0.763437 0.152500 0.179375
5 0.892500 0.975625 0.213334 0.047500
5 0.915417 0.849688 0.167500 0.201875
5 0.930417 0.765937 0.137500 0.184375
16 0.436250 0.868125 0.307500 0.262500
