2 0.068750 0.726473 0.137500 0.362357
2 0.094375 0.356201 0.188750 0.635005
2 0.499688 0.280563 0.999375 0.561126
2 0.227500 0.518470 0.307500 0.627089
2 0.245312 0.124010 0.240625 0.248021
2 0.307500 0.314424 0.118750 0.516271
2 0.359375 0.824538 0.173750 0.349164
2 0.450313 0.488567 0.199375 0.686895
2 0.482187 0.282761 0.181875 0.565523
2 0.655312 0.335532 0.180625 0.671064
2 0.770625 0.124890 0.148750 0.249780
2 0.856250 0.286280 0.200000 0.572559
2 0.949688 0.352683 0.099375 0.357081
2 0.967500 0.113896 0.063750 0.227792
