16 0.193750 0.501880 0.357500 0.887218
14 0.187500 0.420112 0.358750 0.704887
14 0.348125 0.518797 0.143750 0.300752
14 0.412187 0.450188 0.179375 0.221804
14 0.464063 0.631579 0.070625 0.306391
14 0.587813 0.543234 0.118125 0.219925
14 0.695312 0.613722 0.121875 0.233083
14 0.828750 0.674812 0.255000 0.359022
16 0.333437 0.649436 0.201875 0.699248
16 0.460313 0.619831 0.130625 0.574248
16 0.574375 0.661654 0.158750 0.554512
16 0.567500 0.376880 0.052500 0.135338
16 0.687812 0.708176 0.131875 0.581767
16 0.710313 0.376880 0.081875 0.161654
16 0.814063 0.706297 0.284375 0.585526
16 0.966875 0.556861 0.065000 0.190790
