16 0.814688 0.368199 0.288125 0.458724
16 0.067812 0.410882 0.135625 0.313321
16 0.101875 0.407130 0.102500 0.255159
16 0.285000 0.372421 0.280000 0.425891
16 0.525000 0.449813 0.238750 0.291745
16 0.645938 0.377580 0.120625 0.329268
16 0.911875 0.315197 0.108750 0.264540
16 0.282188 0.362571 0.271875 0.424953
16 0.430312 0.315197 0.241875 0.472796
16 0.949063 0.402909 0.100625 0.402439
13 0.032813 0.385553 0.065625 0.048781
13 0.097812 0.360695 0.074375 0.036585
13 0.923438 0.279080 0.065625 0.053471
