2 0.014375 0.313889 0.028750 0.121111
2 0.017812 0.485000 0.035625 0.252222
2 0.042812 0.820555 0.064375 0.298889
2 0.047500 0.490556 0.035000 0.245555
2 0.095000 0.800000 0.047500 0.284444
2 0.219375 0.465556 0.045000 0.177777
2 0.219062 0.314444 0.021875 0.080000
2 0.239063 0.320000 0.033125 0.100000
2 0.285938 0.320000 0.026875 0.073334
2 0.338438 0.072222 0.065625 0.144444
2 0.336250 0.761111 0.040000 0.224444
2 0.389375 0.761111 0.050000 0.235556
2 0.380312 0.382222 0.025625 0.184444
2 0.389687 0.460000 0.024375 0.144444
2 0.399687 0.365555 0.026875 0.155555
2 0.408125 0.475556 0.033750 0.166667
2 0.424063 0.747222 0.036875 0.225556
2 0.420937 0.334445 0.028125 0.106667
2 0.457500 0.739445 0.042500 0.218889
2 0.453437 0.332222 0.029375 0.084444
2 0.491875 0.723333 0.037500 0.204445
2 0.556250 0.212778 0.113750 0.105556
2 0.528438 0.712222 0.035625 0.208889
2 0.619687 0.062222 0.218125 0.124444
2 0.545937 0.475556 0.029375 0.171111
2 0.557813 0.712222 0.033125 0.200000
2 0.563438 0.466667 0.030625 0.180000
2 0.582188 0.466666 0.023125 0.175555
2 0.586563 0.706667 0.031875 0.197778
2 0.612812 0.460000 0.021875 0.162222
2 0.700313 0.170555 0.074375 0.107777
2 0.789375 0.445000 0.021250 0.136666
2 0.816875 0.445000 0.020000 0.123334
2 0.830313 0.439445 0.021875 0.143333
