16 0.505453 0.261875 0.192114 0.311250
16 0.845638 0.815000 0.255033 0.345000
16 0.014681 0.206250 0.029362 0.065000
16 0.029362 0.258437 0.058725 0.063125
16 0.054530 0.229687 0.068792 0.118125
16 0.125420 0.325000 0.133389 0.210000
16 0.166527 0.206562 0.072986 0.099375
16 0.229446 0.289375 0.158557 0.168750
16 0.289010 0.223750 0.052852 0.092500
16 0.364933 0.264688 0.088926 0.208125
16 0.399329 0.864688 0.112416 0.216875
16 0.467282 0.747812 0.100671 0.201875
16 0.492869 0.846562 0.128356 0.184375
16 0.708892 0.309063 0.167785 0.156875
16 0.747903 0.201562 0.076342 0.109375
16 0.740352 0.732187 0.054530 0.136875
16 0.770973 0.735625 0.057047 0.143750
16 0.929110 0.300312 0.140101 0.133125
16 0.235319 0.292187 0.083054 0.263125
16 0.430370 0.215938 0.055369 0.100625
16 0.440436 0.738438 0.050336 0.179375
16 0.574245 0.703125 0.066276 0.092500
16 0.694631 0.736563 0.119128 0.148125
16 0.769715 0.327813 0.151846 0.160625
