16 0.472812 0.821667 0.336875 0.356667
16 0.285000 0.672084 0.388750 0.479167
16 0.370938 0.516250 0.211875 0.174166
16 0.483125 0.419167 0.033750 0.045000
16 0.511250 0.494583 0.076250 0.127500
16 0.504063 0.402084 0.051875 0.075833
16 0.561875 0.437916 0.077500 0.114167
16 0.620937 0.332916 0.135625 0.095833
16 0.667813 0.431667 0.131875 0.256667
16 0.823438 0.760833 0.351875 0.476667
16 0.811875 0.579584 0.091250 0.389167
13 0.147813 0.740417 0.046875 0.032500
13 0.438125 0.801667 0.108750 0.051667
