16 0.895938 0.751250 0.195625 0.497500
16 0.178437 0.796666 0.356875 0.406667
16 0.571875 0.791250 0.315000 0.415834
16 0.464375 0.497917 0.080000 0.182500
16 0.584062 0.591250 0.101875 0.235834
16 0.572500 0.438750 0.047500 0.072500
16 0.678125 0.508750 0.076250 0.132500
16 0.141875 0.503333 0.087500 0.160000
16 0.158750 0.437084 0.046250 0.040833
16 0.191875 0.401667 0.037500 0.065000
16 0.265313 0.490416 0.148125 0.169167
16 0.220000 0.390416 0.050000 0.035833
16 0.336250 0.714166 0.182500 0.398333
16 0.343438 0.440833 0.066875 0.156667
16 0.412500 0.456250 0.093750 0.129166
16 0.442812 0.393750 0.030625 0.025834
16 0.495625 0.534583 0.108750 0.175833
16 0.630313 0.462083 0.056875 0.072500
16 0.761250 0.556666 0.115000 0.216667
16 0.904062 0.580834 0.144375 0.168333
13 0.130312 0.457500 0.055625 0.040000
13 0.243125 0.759167 0.073750 0.080000
13 0.365625 0.622917 0.075000 0.114167
13 0.440312 0.675833 0.045625 0.051667
13 0.476250 0.450416 0.037500 0.029167
13 0.690937 0.490416 0.049375 0.030833
13 0.787813 0.510417 0.069375 0.037500
13 0.895312 0.690000 0.044375 0.051666
