16 0.078334 0.169375 0.156667 0.221250
15 0.463750 0.700625 0.334166 0.451250
15 0.852083 0.665000 0.199167 0.310000
9 0.462083 0.765625 0.152500 0.128750
9 0.858750 0.728125 0.175834 0.053750
16 0.211666 0.531875 0.186667 0.648750
16 0.897084 0.671250 0.204167 0.655000
16 0.220416 0.617500 0.440833 0.762500
16 0.213750 0.248750 0.147500 0.342500
16 0.322083 0.363125 0.140833 0.591250
16 0.478333 0.398750 0.211667 0.480000
16 0.682917 0.396875 0.162500 0.406250
16 0.800833 0.380625 0.138333 0.276250
16 0.884583 0.161875 0.049167 0.126250
16 0.914583 0.189375 0.080833 0.133750
16 0.957083 0.198125 0.050833 0.151250
16 0.984167 0.208750 0.030000 0.102500
