16 0.773438 0.143750 0.164375 0.254166
15 0.462813 0.682084 0.726875 0.634167
15 0.126875 0.200000 0.043750 0.081666
15 0.463438 0.220000 0.083125 0.113334
15 0.483750 0.145000 0.040000 0.066666
15 0.713125 0.497083 0.493750 0.447500
15 0.534062 0.181250 0.050625 0.087500
15 0.837500 0.420416 0.323750 0.349167
15 0.933125 0.438333 0.132500 0.110000
9 0.480937 0.902500 0.334375 0.193334
9 0.480313 0.255417 0.061875 0.022500
9 0.717812 0.627500 0.196875 0.101666
9 0.867812 0.515000 0.136875 0.061666
16 0.080000 0.180000 0.160000 0.360000
16 0.294063 0.191250 0.320625 0.382500
16 0.409687 0.078334 0.109375 0.156667
16 0.620313 0.192500 0.210625 0.365000
16 0.673438 0.101666 0.055625 0.141667
16 0.833438 0.762083 0.331875 0.290833
16 0.699688 0.091250 0.049375 0.114166
16 0.918750 0.167917 0.161250 0.287500
16 0.884375 0.105833 0.075000 0.136667
