15 0.122222 0.511250 0.244444 0.251250
15 0.647778 0.698125 0.580000 0.358750
15 0.884445 0.505000 0.228889 0.218750
15 0.899444 0.308125 0.130000 0.051250
15 0.963334 0.357187 0.071111 0.160625
9 0.062778 0.568438 0.125556 0.066875
9 0.248334 0.410312 0.154445 0.030625
9 0.676667 0.743750 0.264445 0.167500
9 0.898334 0.318437 0.105555 0.020625
9 0.975000 0.570312 0.047778 0.063125
10 0.499445 0.695312 0.998889 0.608125
7 0.206667 0.655000 0.142222 0.051250
7 0.760555 0.636250 0.134445 0.041250
8 0.320555 0.341875 0.381111 0.198750
