14 0.080312 0.521250 0.160625 0.332500
14 0.258437 0.499584 0.438125 0.999167
14 0.467813 0.811667 0.090625 0.216667
14 0.537813 0.755833 0.131875 0.195000
14 0.607500 0.719583 0.123750 0.184167
14 0.685625 0.704166 0.125000 0.153333
14 0.823750 0.550000 0.267500 0.375000
14 0.951250 0.666250 0.033750 0.115834
16 0.557188 0.822500 0.255625 0.353334
16 0.029063 0.182916 0.058125 0.120833
16 0.085938 0.498333 0.171875 0.745000
16 0.268437 0.499584 0.450625 0.999167
16 0.515000 0.802083 0.211250 0.394167
16 0.691250 0.718333 0.136250 0.308333
16 0.809063 0.631250 0.299375 0.735834
16 0.972187 0.654583 0.048125 0.144167
16 0.982187 0.678750 0.034375 0.424166
