16 0.721875 0.528334 0.161250 0.726667
16 0.221875 0.350834 0.148750 0.271667
16 0.498750 0.382500 0.140000 0.391666
16 0.839375 0.520000 0.238750 0.583334
16 0.014375 0.206667 0.028750 0.106667
16 0.047500 0.347500 0.095000 0.268334
16 0.418125 0.375000 0.081250 0.313334
16 0.618750 0.457500 0.115000 0.511666
16 0.808750 0.257500 0.075000 0.105000
13 0.015625 0.289166 0.031250 0.038333
13 0.255625 0.267500 0.046250 0.028334
13 0.508750 0.246667 0.045000 0.030000
13 0.631250 0.246667 0.055000 0.036667
13 0.981875 0.495000 0.021250 0.043334
