14 0.300312 0.817916 0.248125 0.344167
14 0.021875 0.570833 0.036250 0.048333
14 0.050937 0.550833 0.026875 0.046667
14 0.091563 0.681667 0.105625 0.215000
14 0.129062 0.555000 0.023125 0.035000
14 0.191562 0.625417 0.101875 0.169167
14 0.166875 0.542917 0.032500 0.030833
14 0.274062 0.558334 0.060625 0.068333
14 0.360938 0.539583 0.026875 0.062500
14 0.384062 0.534166 0.031875 0.058333
14 0.415625 0.562083 0.046250 0.089167
14 0.462812 0.540000 0.024375 0.053334
14 0.511563 0.595417 0.059375 0.094167
14 0.513750 0.535000 0.046250 0.056666
14 0.550625 0.536667 0.032500 0.060000
14 0.567500 0.528333 0.025000 0.050000
14 0.650625 0.525416 0.036250 0.075833
14 0.672813 0.545834 0.025625 0.053333
14 0.698438 0.537916 0.028125 0.040833
14 0.760000 0.618750 0.083750 0.165834
14 0.733437 0.513750 0.028125 0.024166
14 0.796563 0.526667 0.020625 0.046667
14 0.818125 0.521667 0.025000 0.056667
14 0.967812 0.826250 0.063125 0.345834
16 0.098438 0.722500 0.133125 0.408334
16 0.313750 0.783334 0.255000 0.431667
16 0.491563 0.548333 0.020625 0.095000
16 0.587812 0.563750 0.026875 0.142500
16 0.754063 0.678333 0.085625 0.320000
16 0.968438 0.777500 0.061875 0.443334
16 0.193750 0.687500 0.100000 0.385000
16 0.278125 0.585000 0.057500 0.161666
16 0.415312 0.582917 0.048125 0.165833
16 0.645000 0.562083 0.042500 0.165833
16 0.793438 0.552083 0.026875 0.114167
16 0.822812 0.548334 0.031875 0.121667
16 0.951250 0.570000 0.037500 0.178334
