10 0.503750 0.772500 0.912500 0.455000
15 0.078125 0.536250 0.156250 0.139166
15 0.043438 0.444167 0.084375 0.041667
15 0.335625 0.794583 0.545000 0.409167
15 0.171250 0.466250 0.081250 0.077500
15 0.327500 0.500417 0.143750 0.112500
15 0.329062 0.452083 0.099375 0.064167
15 0.310937 0.427084 0.061875 0.025833
15 0.430312 0.446666 0.056875 0.051667
15 0.489062 0.497500 0.140625 0.098334
15 0.700937 0.686667 0.359375 0.311667
15 0.655625 0.482916 0.127500 0.089167
15 0.728438 0.465417 0.100625 0.069167
15 0.913125 0.609583 0.172500 0.192500
9 0.082500 0.576250 0.118750 0.025834
9 0.339375 0.921250 0.300000 0.127500
9 0.499375 0.527084 0.072500 0.020833
9 0.708750 0.748333 0.170000 0.066667
9 0.674063 0.510417 0.056875 0.022500
9 0.955313 0.659583 0.088125 0.037500
