5 0.786250 0.836250 0.228750 0.295834
10 0.240937 0.777083 0.426875 0.437500
5 0.136563 0.742084 0.255625 0.379167
5 0.157187 0.970417 0.255625 0.057500
5 0.343750 0.548334 0.047500 0.111667
5 0.345000 0.687083 0.047500 0.110833
5 0.363125 0.671666 0.027500 0.138333
5 0.386563 0.664583 0.029375 0.165833
5 0.560000 0.975000 0.268750 0.048334
5 0.743125 0.555000 0.068750 0.101666
5 0.798125 0.594167 0.038750 0.090000
5 0.821875 0.620834 0.040000 0.091667
5 0.883750 0.666667 0.052500 0.110000
5 0.947188 0.819167 0.060625 0.360000
25 0.921250 0.520833 0.156250 0.306667
