15 0.126250 0.859756 0.215000 0.256098
15 0.571250 0.242495 0.116250 0.098499
16 0.158750 0.071763 0.073750 0.143527
16 0.288125 0.335834 0.185000 0.292683
16 0.309375 0.146341 0.118750 0.163227
16 0.367812 0.070825 0.071875 0.141651
16 0.421250 0.486867 0.148750 0.236398
16 0.477187 0.278143 0.141875 0.177299
16 0.650625 0.665104 0.305000 0.469043
16 0.626875 0.349437 0.150000 0.214822
16 0.652500 0.154784 0.098750 0.157598
16 0.773750 0.346154 0.122500 0.225141
16 0.781562 0.189024 0.128125 0.197937
16 0.879687 0.434803 0.231875 0.355534
16 0.883437 0.620544 0.231875 0.473734
16 0.935312 0.253283 0.128125 0.215760
