16 0.058594 0.707032 0.117188 0.466797
16 0.492839 0.696777 0.532553 0.604492
16 0.294271 0.670411 0.130208 0.290039
16 0.666015 0.695312 0.147135 0.330079
16 0.830078 0.702149 0.157552 0.333985
16 0.384766 0.509766 0.061198 0.062500
16 0.591146 0.709961 0.184896 0.507812
16 0.904297 0.741699 0.188802 0.413086
13 0.042318 0.520996 0.084635 0.024414
13 0.296224 0.556640 0.069010 0.021485
13 0.395834 0.507324 0.054687 0.022461
13 0.461588 0.561035 0.147135 0.043946
13 0.854818 0.580566 0.069011 0.022461
