16 0.573438 0.332866 0.150625 0.588951
16 0.112813 0.450842 0.205625 0.901685
16 0.232500 0.253746 0.098750 0.395131
16 0.290625 0.619382 0.195000 0.759364
16 0.390000 0.356274 0.150000 0.515917
16 0.115625 0.037454 0.041250 0.043071
16 0.162500 0.133427 0.055000 0.180712
16 0.375938 0.158240 0.084375 0.222847
16 0.729062 0.500000 0.540625 0.998128
16 0.753125 0.431180 0.198750 0.862360
13 0.285312 0.311329 0.065625 0.025281
13 0.373437 0.102996 0.039375 0.033708
13 0.875938 0.237828 0.219375 0.157303
