16 0.034063 0.295028 0.068125 0.177298
16 0.035937 0.739681 0.071875 0.518762
16 0.290938 0.583959 0.366875 0.830206
16 0.158750 0.402909 0.095000 0.359287
16 0.603750 0.528612 0.382500 0.940901
16 0.660312 0.518762 0.348125 0.960600
16 0.845313 0.490619 0.085625 0.270169
16 0.272813 0.318480 0.090625 0.327392
16 0.763750 0.308631 0.071250 0.178237
16 0.829375 0.287054 0.071250 0.129456
16 0.945312 0.501876 0.108125 0.547842
13 0.343438 0.323171 0.113125 0.053471
13 0.485938 0.268762 0.111875 0.087242
13 0.617500 0.225140 0.130000 0.078799
