5 0.069375 0.578156 0.105000 0.235923
5 0.258437 0.524757 0.481875 0.272815
5 0.340313 0.573301 0.079375 0.179612
5 0.356250 0.474272 0.055000 0.051456
5 0.394062 0.602427 0.084375 0.208738
5 0.420312 0.442233 0.034375 0.039806
5 0.500625 0.639320 0.071250 0.199029
5 0.537813 0.428156 0.028125 0.034951
5 0.605000 0.628156 0.098750 0.192233
5 0.582187 0.433495 0.026875 0.037864
5 0.627812 0.434466 0.021875 0.028156
5 0.701250 0.592719 0.096250 0.193203
5 0.668438 0.448059 0.020625 0.032039
5 0.694688 0.456796 0.029375 0.037864
5 0.724063 0.484951 0.039375 0.068932
10 0.522813 0.582039 0.408125 0.175728
