8 0.467000 0.316342 0.154000 0.263868
16 0.732500 0.661169 0.465000 0.611695
5 0.317000 0.763119 0.318000 0.392803
10 0.496500 0.679910 0.421000 0.637182
10 0.508000 0.521740 0.300000 0.305847
10 0.725000 0.420540 0.384000 0.367316
10 0.914500 0.320090 0.147000 0.292354
8 0.721500 0.197152 0.109000 0.205397
8 0.816000 0.099700 0.100000 0.115442
8 0.932500 0.053974 0.077000 0.101949
8 0.978000 0.028486 0.042000 0.056972
16 0.392500 0.499251 0.485000 0.854573
16 0.912000 0.155172 0.122000 0.310345
