16 0.553125 0.857083 0.205000 0.265833
16 0.270937 0.479167 0.100625 0.185000
16 0.084687 0.597083 0.088125 0.187500
16 0.139063 0.646250 0.093125 0.202500
16 0.138750 0.542917 0.046250 0.075833
16 0.175625 0.697917 0.110000 0.224167
16 0.271250 0.856250 0.190000 0.285834
16 0.249375 0.571667 0.073750 0.101667
16 0.383750 0.670416 0.146250 0.240833
16 0.352500 0.576666 0.042500 0.111667
16 0.432188 0.899167 0.136875 0.200000
16 0.414062 0.603333 0.085625 0.165000
16 0.469062 0.768333 0.138125 0.255000
16 0.592812 0.605833 0.086875 0.156667
16 0.728438 0.591250 0.060625 0.127500
25 0.832188 0.424583 0.334375 0.457500
16 0.072813 0.833750 0.145625 0.330834
16 0.135937 0.545000 0.043125 0.073334
16 0.522813 0.628333 0.144375 0.193333
16 0.571875 0.467500 0.077500 0.156666
16 0.671250 0.645833 0.123750 0.210000
16 0.772500 0.682083 0.122500 0.172500
16 0.773438 0.600833 0.066875 0.120000
16 0.840938 0.562917 0.058125 0.124167
16 0.900625 0.663750 0.130000 0.232500
16 0.976250 0.651666 0.046250 0.211667
16 0.976875 0.904167 0.045000 0.190000
