3 0.158985 0.741667 0.124219 0.206250
3 0.189453 0.826563 0.111718 0.251041
3 0.460547 0.579167 0.646094 0.839583
3 0.219141 0.664583 0.128907 0.260417
3 0.214453 0.495833 0.091406 0.208333
3 0.382812 0.915104 0.329687 0.167708
3 0.355078 0.757812 0.244532 0.309375
3 0.434375 0.252083 0.385938 0.162500
3 0.514453 0.409895 0.546094 0.178125
3 0.417188 0.560937 0.328125 0.271875
3 0.524218 0.751563 0.132813 0.223959
3 0.632812 0.883854 0.181249 0.230208
3 0.667578 0.546355 0.189844 0.184375
3 0.657031 0.713542 0.159375 0.227083
3 0.705859 0.247916 0.183594 0.145833
3 0.841797 0.501042 0.224218 0.566667
3 0.820312 0.731250 0.173437 0.133334
3 0.829687 0.638021 0.178125 0.132292
3 0.838672 0.461979 0.172656 0.113542
3 0.839453 0.551562 0.169532 0.117709
3 0.855078 0.355208 0.174218 0.131250
3 0.849219 0.263020 0.103125 0.096875
