3 0.067187 0.071696 0.134375 0.135895
3 0.499688 0.446111 0.999375 0.892221
3 0.130000 0.549203 0.257500 0.571697
3 0.218750 0.067947 0.195000 0.135895
3 0.296875 0.526242 0.143750 0.257732
3 0.370312 0.284911 0.235625 0.241800
3 0.393125 0.765230 0.261250 0.240862
3 0.461875 0.530927 0.145000 0.263355
3 0.616250 0.283974 0.248750 0.245548
3 0.625312 0.734770 0.233125 0.286785
3 0.624375 0.529991 0.152500 0.242737
3 0.801250 0.101687 0.170000 0.203374
3 0.859063 0.671978 0.280625 0.238051
3 0.891563 0.413777 0.164375 0.109654
3 0.897500 0.536551 0.162500 0.102156
3 0.938438 0.074976 0.121875 0.146205
