16 0.762500 0.571875 0.354688 0.614584
6 0.135157 0.846875 0.078125 0.125000
6 0.528906 0.772396 0.071875 0.119792
6 0.945312 0.838542 0.076563 0.122917
16 0.339844 0.191146 0.092188 0.217708
16 0.896875 0.166667 0.101562 0.206250
16 0.086719 0.163542 0.173438 0.245833
16 0.437890 0.510416 0.850781 0.689583
16 0.182812 0.190104 0.260937 0.276042
16 0.377734 0.307292 0.188281 0.356250
16 0.576172 0.247396 0.155469 0.351042
16 0.616797 0.116146 0.116406 0.188542
16 0.777343 0.287500 0.234375 0.470834
16 0.765235 0.153645 0.175781 0.203125
16 0.763281 0.118750 0.146875 0.218750
