23 0.163086 0.510795 0.158204 0.212954
23 0.151367 0.752208 0.130859 0.297350
23 0.291504 0.826791 0.143554 0.179588
23 0.299316 0.582434 0.141601 0.305201
23 0.310059 0.179097 0.137695 0.318940
23 0.391601 0.521590 0.136719 0.224730
23 0.394043 0.773307 0.120118 0.280668
23 0.484864 0.614328 0.143555 0.314033
23 0.483887 0.843965 0.127930 0.166830
23 0.540528 0.178607 0.159179 0.335623
23 0.586914 0.552503 0.134766 0.296369
23 0.594726 0.752208 0.146485 0.324828
23 0.689941 0.622178 0.135742 0.353287
23 0.699218 0.787046 0.144531 0.266928
23 0.748047 0.194799 0.146484 0.315015
23 0.842774 0.765947 0.191407 0.297350
23 0.854492 0.571148 0.099609 0.310108
