16 0.517000 0.579820 0.438000 0.816265
16 0.200000 0.774096 0.244000 0.445783
16 0.078500 0.734940 0.153000 0.515060
16 0.164000 0.457832 0.146000 0.280121
16 0.324500 0.587349 0.143000 0.385542
16 0.554500 0.223645 0.073000 0.106927
16 0.633000 0.283886 0.082000 0.251506
16 0.696500 0.326808 0.105000 0.322289
16 0.782000 0.216114 0.062000 0.094879
25 0.444500 0.338855 0.889000 0.677711
25 0.924500 0.499247 0.149000 0.998494
16 0.325500 0.425452 0.123000 0.239458
16 0.426000 0.218373 0.092000 0.162651
16 0.718500 0.201054 0.087000 0.155120
16 0.825500 0.228162 0.093000 0.176205
16 0.842000 0.154367 0.082000 0.131025
16 0.844000 0.291415 0.074000 0.182229
