25 0.551250 0.499375 0.895834 0.998750
1 0.364583 0.503750 0.164167 0.697500
1 0.475417 0.518125 0.052500 0.701250
1 0.547500 0.530625 0.098334 0.658750
1 0.583333 0.538750 0.111667 0.645000
1 0.619584 0.563125 0.115833 0.663750
1 0.655416 0.572500 0.089167 0.627500
1 0.723750 0.586250 0.099166 0.597500
1 0.749583 0.598125 0.060833 0.603750
1 0.777917 0.590000 0.029167 0.592500
1 0.821250 0.605625 0.062500 0.603750
1 0.861250 0.608125 0.044166 0.573750
1 0.917500 0.630625 0.068334 0.616250
1 0.969583 0.633750 0.057500 0.595000
