3 0.468125 0.854127 0.181250 0.167917
16 0.523125 0.584897 0.132500 0.353658
16 0.064687 0.473264 0.129375 0.513133
16 0.140937 0.564259 0.159375 0.327392
16 0.176250 0.380863 0.108750 0.324578
16 0.282500 0.580676 0.142500 0.309569
16 0.277813 0.392120 0.123125 0.405254
16 0.307500 0.371482 0.173750 0.382739
16 0.390625 0.501877 0.141250 0.467167
16 0.445312 0.318011 0.060625 0.150094
16 0.503437 0.389306 0.128125 0.318950
16 0.561875 0.360695 0.091250 0.334897
16 0.610313 0.414165 0.121875 0.254222
16 0.665000 0.651969 0.163750 0.401501
16 0.666250 0.408536 0.073750 0.334897
16 0.772500 0.581614 0.202500 0.611633
16 0.821250 0.635553 0.120000 0.727017
16 0.897500 0.620075 0.183750 0.754222
