5 0.083125 0.783208 0.146250 0.309942
5 0.020938 0.600251 0.041875 0.027569
5 0.131875 0.662072 0.067500 0.151212
5 0.144687 0.682540 0.090625 0.182122
5 0.276562 0.683375 0.099375 0.150376
5 0.321875 0.710109 0.112500 0.162072
5 0.326250 0.663743 0.080000 0.151211
5 0.425000 0.595656 0.032500 0.046784
5 0.451875 0.612782 0.047500 0.049290
5 0.479688 0.576024 0.056875 0.034253
5 0.569063 0.599833 0.068125 0.038430
5 0.596875 0.572264 0.046250 0.038430
5 0.642813 0.654135 0.109375 0.088555
5 0.666562 0.648288 0.103125 0.116959
5 0.818438 0.684211 0.110625 0.148705
5 0.875938 0.675856 0.070625 0.168755
10 0.500312 0.915205 0.491875 0.167920
8 0.531250 0.710944 0.155000 0.235589
8 0.749375 0.869256 0.172500 0.251461
