6 0.470313 0.309099 0.119375 0.111633
6 0.473125 0.257505 0.108750 0.068480
16 0.027500 0.624297 0.053750 0.333021
16 0.146250 0.694184 0.051250 0.410882
16 0.155000 0.484052 0.053750 0.075047
16 0.188437 0.651970 0.064375 0.380864
16 0.199688 0.437617 0.030625 0.047842
16 0.216562 0.474203 0.028125 0.094747
16 0.235312 0.452157 0.026875 0.061913
16 0.266875 0.479831 0.050000 0.087242
16 0.285000 0.532364 0.052500 0.113508
16 0.396875 0.533303 0.051250 0.119137
16 0.442188 0.515478 0.030625 0.090995
16 0.472812 0.528612 0.030625 0.102251
16 0.504062 0.531895 0.034375 0.099437
16 0.530937 0.537523 0.036875 0.088180
16 0.565000 0.589587 0.068750 0.196060
16 0.583438 0.524390 0.026875 0.069418
16 0.606563 0.548781 0.031875 0.088181
16 0.633750 0.574109 0.060000 0.135084
16 0.680937 0.759850 0.098125 0.478424
16 0.667813 0.544090 0.025625 0.093808
16 0.699688 0.500938 0.028125 0.076923
16 0.763437 0.685741 0.071875 0.157598
16 0.798438 0.876173 0.133125 0.245779
16 0.754062 0.501877 0.024375 0.056285
16 0.784062 0.490619 0.033125 0.067542
16 0.809688 0.681520 0.076875 0.353659
16 0.881563 0.587711 0.059375 0.107880
16 0.899375 0.579737 0.092500 0.215760
16 0.881563 0.521107 0.043125 0.083490
16 0.889375 0.549718 0.046250 0.078799
16 0.924375 0.768293 0.083750 0.461539
16 0.972500 0.398218 0.033750 0.139775
16 0.980313 0.698405 0.035625 0.263602
16 0.982187 0.775797 0.034375 0.403377
