25 0.499688 0.499534 0.999375 0.999069
1 0.075312 0.515363 0.110625 0.501862
1 0.155312 0.506984 0.129375 0.507449
1 0.396250 0.898044 0.570000 0.202049
1 0.245312 0.526070 0.124375 0.534451
1 0.322813 0.523277 0.125625 0.513967
1 0.431563 0.510707 0.145625 0.561453
1 0.520000 0.563314 0.156250 0.478585
1 0.610313 0.557262 0.063125 0.494413
1 0.668750 0.649906 0.041250 0.312849
1 0.723750 0.608939 0.068750 0.398511
1 0.786563 0.608939 0.066875 0.405959
1 0.839063 0.547951 0.081875 0.544693
1 0.900000 0.539572 0.093750 0.576350
