15 0.308125 0.710674 0.147500 0.249064
16 0.525625 0.699438 0.318750 0.574906
15 0.068437 0.486424 0.124375 0.122659
16 0.178750 0.443352 0.143750 0.414794
16 0.349375 0.463015 0.203750 0.324906
16 0.352187 0.291666 0.114375 0.190075
16 0.390313 0.208334 0.043125 0.098315
16 0.528438 0.361892 0.166875 0.248127
16 0.710938 0.171349 0.028125 0.041199
16 0.723125 0.250000 0.050000 0.116104
16 0.037187 0.314607 0.074375 0.230337
16 0.200937 0.276686 0.071875 0.165731
16 0.279062 0.257491 0.076875 0.207865
16 0.471875 0.276686 0.116250 0.242509
16 0.666562 0.441947 0.188125 0.391385
16 0.618125 0.236891 0.057500 0.147940
16 0.668438 0.243914 0.084375 0.169476
16 0.827500 0.357209 0.148750 0.291199
16 0.903750 0.274344 0.047500 0.157303
