5 0.261563 0.870834 0.146875 0.201667
4 0.538125 0.678750 0.505000 0.467500
5 0.178437 0.775834 0.026875 0.111667
5 0.492812 0.888333 0.095625 0.213333
5 0.748125 0.892084 0.105000 0.214167
4 0.074688 0.859166 0.149375 0.201667
4 0.525937 0.852917 0.564375 0.147500
4 0.935312 0.850417 0.128125 0.212500
25 0.069062 0.621667 0.138125 0.353333
25 0.338750 0.192083 0.192500 0.384167
25 0.519375 0.622917 0.541250 0.352500
25 0.513437 0.657083 0.180625 0.284167
25 0.683750 0.188333 0.190000 0.376667
25 0.828750 0.707500 0.066250 0.305000
25 0.941563 0.622500 0.115625 0.351666
