5 0.127500 0.776266 0.178750 0.344277
10 0.697187 0.798312 0.595625 0.386491
8 0.771563 0.604596 0.170625 0.199813
5 0.536875 0.684803 0.258750 0.382740
8 0.030625 0.432926 0.061250 0.117261
8 0.032500 0.551126 0.065000 0.107880
8 0.112500 0.428237 0.110000 0.119137
8 0.157188 0.431989 0.023125 0.104128
8 0.215625 0.533302 0.118750 0.117260
8 0.211875 0.424484 0.106250 0.107880
8 0.305312 0.529081 0.088125 0.121951
8 0.390625 0.524860 0.082500 0.117261
8 0.629687 0.559099 0.139375 0.142589
8 0.899375 0.606473 0.148750 0.192308
