25 0.100000 0.556701 0.186250 0.886598
5 0.241563 0.852577 0.049375 0.183505
5 0.313750 0.840206 0.057500 0.191752
5 0.385313 0.894845 0.060625 0.206185
5 0.388125 0.828866 0.045000 0.160824
5 0.409062 0.911340 0.064375 0.173196
5 0.480938 0.808248 0.030625 0.119587
5 0.664687 0.890721 0.078125 0.214433
5 0.678750 0.761856 0.035000 0.109278
5 0.806250 0.920619 0.056250 0.154639
5 0.832500 0.824743 0.037500 0.160825
5 0.860000 0.802062 0.038750 0.140206
5 0.914375 0.765980 0.047500 0.051547
5 0.933750 0.863918 0.070000 0.032989
5 0.975938 0.730928 0.039375 0.080412
5 0.986875 0.823711 0.025000 0.200000
25 0.475625 0.413402 0.618750 0.744330
