16 0.320000 0.139699 0.175000 0.221072
15 0.498125 0.618532 0.550000 0.736595
9 0.554688 0.756820 0.335625 0.356538
16 0.040938 0.280338 0.081875 0.560677
16 0.053125 0.069144 0.055000 0.111948
16 0.093125 0.080903 0.053750 0.161806
16 0.455625 0.158984 0.102500 0.214488
16 0.712187 0.761524 0.574375 0.475070
16 0.579063 0.214017 0.123125 0.269990
16 0.803125 0.610066 0.392500 0.179680
16 0.705000 0.224365 0.147500 0.283160
16 0.705000 0.148166 0.037500 0.085607
16 0.844063 0.259172 0.161875 0.279398
16 0.814063 0.186265 0.090625 0.156162
16 0.828750 0.215898 0.120000 0.185325
16 0.784063 0.154751 0.020625 0.051740
16 0.886563 0.420978 0.225625 0.286924
16 0.901875 0.356538 0.195000 0.257761
