5 0.479688 0.757989 0.248125 0.448308
10 0.471562 0.784304 0.303125 0.373121
5 0.045937 0.692670 0.091875 0.233083
5 0.142187 0.571429 0.069375 0.109023
5 0.271563 0.561090 0.033125 0.150376
5 0.459062 0.739662 0.083125 0.312030
10 0.053125 0.821898 0.106250 0.352443
10 0.053750 0.576598 0.107500 0.123120
10 0.054375 0.702538 0.108750 0.198309
10 0.136875 0.562970 0.068750 0.142858
10 0.198437 0.567669 0.084375 0.109022
10 0.251563 0.595865 0.116875 0.146617
10 0.311562 0.648967 0.180625 0.194549
