4 0.054062 0.875823 0.108125 0.246472
4 0.066250 0.210725 0.132500 0.421449
4 0.081250 0.942615 0.061250 0.112888
4 0.136875 0.227187 0.091250 0.407338
4 0.168438 0.798683 0.123125 0.400752
4 0.138437 0.263875 0.029375 0.360301
4 0.215000 0.751646 0.091250 0.310442
4 0.265625 0.290686 0.181250 0.265287
4 0.316250 0.726247 0.155000 0.304797
4 0.440625 0.746472 0.086250 0.202258
4 0.448438 0.606303 0.095625 0.068674
4 0.537500 0.595484 0.090000 0.075259
4 0.541250 0.726717 0.090000 0.202258
4 0.606875 0.296801 0.102500 0.264347
4 0.635312 0.587959 0.129375 0.071496
4 0.649062 0.720132 0.130625 0.207902
4 0.686250 0.302446 0.095000 0.256820
4 0.767813 0.294920 0.074375 0.268110
4 0.789687 0.177798 0.091875 0.131703
4 0.783438 0.196613 0.043125 0.126059
4 0.822500 0.169802 0.035000 0.110065
21 0.911563 0.535278 0.175625 0.927563
