0 0.440500 0.892803 0.087000 0.154423
0 0.444000 0.856072 0.042000 0.110944
0 0.488500 0.842579 0.043000 0.110945
0 0.553000 0.919040 0.096000 0.158921
0 0.920000 0.740630 0.152000 0.080959
16 0.796000 0.748126 0.182000 0.485758
16 0.168000 0.714393 0.112000 0.259370
16 0.216000 0.676162 0.062000 0.380810
16 0.276000 0.720390 0.106000 0.313343
16 0.244500 0.584707 0.037000 0.074963
16 0.283000 0.620690 0.076000 0.230885
16 0.375000 0.592953 0.060000 0.142429
16 0.575500 0.574213 0.061000 0.275862
16 0.627500 0.612444 0.089000 0.292354
16 0.700500 0.633433 0.051000 0.088456
