8 0.230000 0.309568 0.358750 0.604127
16 0.058750 0.901970 0.101250 0.194184
16 0.173750 0.797843 0.050000 0.139775
16 0.226250 0.817542 0.126250 0.179174
16 0.228125 0.904784 0.127500 0.188555
16 0.389375 0.895873 0.186250 0.206379
16 0.403125 0.829738 0.111250 0.167917
16 0.522813 0.862571 0.133125 0.272983
16 0.621250 0.902908 0.187500 0.192308
16 0.716562 0.852251 0.129375 0.188555
16 0.777813 0.531426 0.121875 0.254222
16 0.905000 0.922608 0.127500 0.152908
16 0.924687 0.827392 0.085625 0.112570
16 0.967812 0.875235 0.063125 0.247655
