15 0.155312 0.707188 0.283125 0.406875
15 0.157500 0.468125 0.167500 0.111250
15 0.310312 0.404062 0.099375 0.110625
15 0.357500 0.377812 0.093750 0.068125
15 0.584375 0.690312 0.260000 0.273125
15 0.530000 0.325625 0.073750 0.046250
15 0.657188 0.300000 0.054375 0.022500
15 0.700000 0.330000 0.051250 0.046250
15 0.728125 0.307500 0.061250 0.032500
15 0.756563 0.415625 0.118125 0.097500
15 0.740313 0.320312 0.058125 0.044375
15 0.819375 0.629687 0.182500 0.165625
15 0.800000 0.388437 0.096250 0.071875
9 0.123125 0.756563 0.246250 0.100625
9 0.155313 0.501875 0.063125 0.036250
9 0.298438 0.440312 0.053125 0.029375
9 0.363437 0.403438 0.025625 0.020625
9 0.585000 0.740312 0.218750 0.071875
