5 0.051250 0.634146 0.102500 0.223265
5 0.128750 0.574109 0.050000 0.180112
5 0.152500 0.600375 0.048750 0.210131
5 0.281250 0.635553 0.103750 0.257973
5 0.357500 0.790338 0.161250 0.408067
5 0.331562 0.447937 0.028125 0.029081
5 0.360000 0.539868 0.061250 0.119137
5 0.408750 0.707317 0.097500 0.303940
5 0.580625 0.747186 0.150000 0.349906
5 0.644375 0.480770 0.048750 0.036585
5 0.704688 0.644466 0.130625 0.290807
5 0.657188 0.451689 0.028125 0.040337
5 0.756875 0.477955 0.038750 0.111632
5 0.811562 0.371482 0.034375 0.020638
5 0.848750 0.397280 0.047500 0.023453
5 0.872188 0.591463 0.084375 0.169793
5 0.864062 0.370075 0.041875 0.027204
5 0.903125 0.395403 0.053750 0.023452
5 0.919063 0.489212 0.075625 0.196060
10 0.407187 0.814259 0.346875 0.369606
