8 0.610313 0.779605 0.391875 0.376880
16 0.378438 0.402255 0.260625 0.477443
8 0.127812 0.481673 0.184375 0.273496
8 0.358437 0.378759 0.215625 0.174812
8 0.571250 0.319079 0.082500 0.194548
8 0.678750 0.271616 0.087500 0.146617
8 0.814063 0.522087 0.285625 0.361843
8 0.775000 0.237782 0.058750 0.148496
8 0.844062 0.172463 0.069375 0.109963
8 0.905625 0.399906 0.187500 0.245300
8 0.925000 0.273027 0.143750 0.044173
8 0.960938 0.225564 0.076875 0.054512
8 0.985938 0.173403 0.026875 0.053571
16 0.124688 0.611372 0.249375 0.775376
16 0.500312 0.310621 0.285625 0.408835
16 0.606875 0.256579 0.156250 0.315790
16 0.734687 0.216635 0.168125 0.267857
16 0.803750 0.167763 0.123750 0.247180
