0 0.263437 0.823438 0.263125 0.343125
0 0.308750 0.617812 0.196250 0.160625
0 0.305312 0.494687 0.169375 0.119375
0 0.309375 0.426563 0.153750 0.105625
0 0.324063 0.347812 0.128125 0.091875
0 0.341875 0.261562 0.163750 0.175625
0 0.368437 0.157500 0.148125 0.093750
0 0.488750 0.644375 0.187500 0.261250
0 0.500000 0.809375 0.203750 0.368750
0 0.518750 0.442500 0.223750 0.330000
0 0.519688 0.276875 0.208125 0.152500
0 0.521875 0.200000 0.172500 0.080000
0 0.509375 0.134063 0.133750 0.058125
0 0.510938 0.113125 0.123125 0.070000
0 0.522188 0.165938 0.124375 0.059375
0 0.665625 0.100000 0.097500 0.037500
0 0.690312 0.224062 0.143125 0.073125
0 0.700625 0.250312 0.163750 0.085625
0 0.693125 0.166875 0.145000 0.047500
0 0.675000 0.132500 0.106250 0.033750
0 0.718750 0.374062 0.176250 0.230625
0 0.701562 0.206250 0.128125 0.078750
0 0.680000 0.119688 0.075000 0.043125
