4 0.165103 0.486250 0.105066 0.372500
3 0.230770 0.633750 0.161351 0.090000
3 0.271107 0.568125 0.073170 0.048750
3 0.354596 0.650625 0.123827 0.086250
3 0.354596 0.567500 0.101313 0.057500
3 0.381802 0.614375 0.121951 0.068750
3 0.493433 0.763125 0.296435 0.161250
3 0.479362 0.613750 0.073170 0.062500
3 0.524390 0.620625 0.058161 0.066250
3 0.589118 0.593750 0.090056 0.032500
3 0.595684 0.618750 0.076923 0.025000
3 0.595685 0.642500 0.065666 0.022500
3 0.675423 0.630000 0.097561 0.040000
3 0.704503 0.588750 0.125704 0.047500
3 0.765478 0.628750 0.067543 0.050000
3 0.779550 0.584375 0.091932 0.038750
3 0.814259 0.616875 0.048780 0.048750
