3 0.056362 0.574167 0.112723 0.125000
3 0.111607 0.036666 0.178572 0.073333
3 0.173550 0.081667 0.297991 0.120000
3 0.232143 0.359167 0.245536 0.391667
3 0.241071 0.035000 0.098215 0.070000
3 0.400112 0.095000 0.231027 0.073334
3 0.368304 0.056667 0.154017 0.026667
3 0.387277 0.418333 0.176339 0.343333
3 0.368862 0.038333 0.110491 0.023333
3 0.480468 0.041667 0.074777 0.033333
3 0.539062 0.376666 0.167411 0.323333
3 0.505022 0.345834 0.077009 0.118333
3 0.491629 0.054167 0.041295 0.021667
3 0.513393 0.522500 0.078125 0.145000
3 0.514509 0.431667 0.080358 0.130000
3 0.593750 0.075833 0.160714 0.121667
3 0.584264 0.446666 0.072545 0.296667
3 0.794085 0.415000 0.175223 0.396666
