19 0.872812 0.205417 0.208125 0.400833
19 0.014063 0.737084 0.028125 0.199167
19 0.025625 0.817084 0.051250 0.364167
19 0.065937 0.787084 0.091875 0.424167
19 0.097500 0.279583 0.038750 0.329167
19 0.117188 0.820833 0.046875 0.356667
19 0.139063 0.280000 0.033125 0.318334
19 0.166875 0.825833 0.047500 0.346667
19 0.185000 0.279583 0.035000 0.345833
19 0.214062 0.817084 0.046875 0.364167
19 0.250937 0.282917 0.024375 0.342500
19 0.289687 0.281250 0.029375 0.325834
19 0.318750 0.292500 0.026250 0.303334
19 0.355625 0.800417 0.028750 0.397500
19 0.360000 0.277917 0.021250 0.332500
19 0.390938 0.802500 0.028125 0.393334
19 0.392188 0.267917 0.023125 0.345833
19 0.433125 0.268750 0.032500 0.324166
19 0.437500 0.794167 0.026250 0.410000
19 0.458750 0.277500 0.030000 0.306666
19 0.476875 0.796250 0.030000 0.387500
19 0.497500 0.270417 0.025000 0.320833
19 0.526563 0.797500 0.028125 0.403334
19 0.576250 0.215416 0.042500 0.389167
19 0.575000 0.794167 0.037500 0.410000
19 0.618750 0.796667 0.037500 0.405000
19 0.616250 0.225417 0.030000 0.372500
19 0.653750 0.203750 0.035000 0.384166
19 0.669063 0.795834 0.058125 0.406667
19 0.690625 0.219167 0.036250 0.366667
19 0.714063 0.796667 0.061875 0.405000
19 0.723125 0.217917 0.031250 0.390833
19 0.766875 0.839584 0.060000 0.319167
19 0.758437 0.217500 0.024375 0.356666
19 0.796563 0.221250 0.030625 0.367500
19 0.831562 0.215416 0.030625 0.389167
19 0.866250 0.209167 0.036250 0.373333
19 0.903125 0.204584 0.040000 0.379167
19 0.938750 0.203334 0.038750 0.371667
