1 0.322033 0.774305 0.641243 0.081945
1 0.329096 0.868750 0.587570 0.134722
1 0.350988 0.709722 0.583333 0.047222
1 0.350988 0.648611 0.569209 0.072222
1 0.355226 0.568750 0.569210 0.087500
1 0.376412 0.485417 0.532486 0.112500
1 0.417373 0.437500 0.433616 0.075000
1 0.431498 0.402083 0.430791 0.051389
1 0.444209 0.349305 0.436440 0.120833
19 0.725283 0.638194 0.199153 0.173611
19 0.762006 0.607639 0.168079 0.220834
19 0.848870 0.401389 0.271186 0.047222
19 0.806498 0.579861 0.101695 0.245834
19 0.849576 0.563889 0.066384 0.263889
