3 0.215000 0.606942 0.430000 0.784240
3 0.274688 0.345685 0.344375 0.426829
3 0.405938 0.574109 0.081875 0.103190
3 0.423125 0.452157 0.047500 0.140713
3 0.698125 0.661350 0.148750 0.273921
3 0.639063 0.366323 0.020625 0.045966
3 0.642188 0.423077 0.026875 0.052532
3 0.645312 0.458255 0.030625 0.025328
3 0.716562 0.474202 0.075625 0.059099
3 0.720625 0.522983 0.062500 0.038462
3 0.854375 0.926360 0.243750 0.145403
3 0.750312 0.825985 0.028125 0.051594
3 0.870000 0.639775 0.258750 0.221388
3 0.780625 0.505159 0.047500 0.036585
3 0.884688 0.865854 0.229375 0.223265
3 0.787813 0.507035 0.033125 0.032833
3 0.883750 0.488743 0.161250 0.065666
3 0.865938 0.389775 0.068125 0.042214
3 0.982500 0.987336 0.033750 0.023452
