3 0.097168 0.703125 0.194336 0.171874
3 0.383789 0.744792 0.298828 0.158854
3 0.430175 0.548828 0.182617 0.269532
3 0.541504 0.477214 0.194336 0.170573
3 0.564453 0.781901 0.119140 0.178386
3 0.661133 0.504557 0.078125 0.108073
3 0.760254 0.620443 0.223632 0.287761
3 0.723633 0.779948 0.148438 0.164062
3 0.861328 0.741537 0.113281 0.136719
3 0.949707 0.758463 0.098632 0.141927
3 0.960449 0.626953 0.077148 0.141927
16 0.096680 0.533855 0.091797 0.205729
16 0.123535 0.537760 0.108398 0.190104
16 0.260254 0.532552 0.045898 0.226562
