0 0.067011 0.585000 0.115277 0.121250
0 0.052015 0.108750 0.104030 0.106250
0 0.063730 0.364063 0.127460 0.114375
0 0.144798 0.272500 0.107779 0.092500
0 0.143861 0.107813 0.085286 0.086875
0 0.246017 0.324063 0.079662 0.054375
0 0.250234 0.367500 0.071228 0.036250
0 0.262887 0.567187 0.087161 0.076875
0 0.301312 0.564062 0.045923 0.063125
0 0.739456 0.553750 0.071227 0.052500
0 0.753514 0.505000 0.048735 0.047500
0 0.771321 0.279375 0.069353 0.055000
0 0.859888 0.128125 0.081537 0.070000
0 0.893158 0.586875 0.123711 0.078750
0 0.888003 0.518750 0.092783 0.075000
0 0.889409 0.350625 0.084349 0.070000
0 0.954546 0.244375 0.087161 0.073750
