3 0.196250 0.578799 0.100000 0.048780
3 0.226250 0.631802 0.108750 0.053471
3 0.255312 0.703564 0.120625 0.078799
3 0.250312 0.542683 0.084375 0.044090
3 0.287500 0.780957 0.146250 0.092870
3 0.363437 0.906660 0.178125 0.124765
3 0.363438 0.530488 0.083125 0.025328
3 0.371250 0.558630 0.096250 0.042214
3 0.373125 0.587711 0.100000 0.027204
3 0.437812 0.655722 0.119375 0.060037
3 0.440937 0.740150 0.066875 0.060038
3 0.477812 0.704503 0.131875 0.080676
3 0.482813 0.570825 0.093125 0.040337
3 0.552500 0.976548 0.171250 0.045028
3 0.545000 0.816135 0.151250 0.075047
3 0.550000 0.771107 0.153750 0.091932
3 0.550000 0.627111 0.110000 0.057223
3 0.635938 0.720451 0.130625 0.071295
3 0.747188 0.957317 0.179375 0.083490
3 0.774375 0.848499 0.163750 0.113508
