16 0.543750 0.354166 0.132500 0.268333
0 0.155625 0.720417 0.192500 0.272500
0 0.556875 0.638333 0.305000 0.151667
16 0.058750 0.175416 0.071250 0.165833
16 0.066250 0.095417 0.035000 0.064167
16 0.087188 0.081667 0.021875 0.043333
16 0.106875 0.097084 0.033750 0.074167
16 0.215000 0.070417 0.032500 0.114167
16 0.253437 0.035834 0.021875 0.061667
16 0.298125 0.030000 0.023750 0.060000
16 0.322188 0.130000 0.053125 0.108334
16 0.355625 0.071666 0.025000 0.051667
16 0.390000 0.130417 0.048750 0.117500
16 0.477812 0.062500 0.030625 0.118334
