0 0.753750 0.562852 0.083750 0.181989
0 0.069375 0.570356 0.091250 0.155723
0 0.084062 0.434334 0.086875 0.146342
0 0.141875 0.574578 0.087500 0.181050
0 0.192500 0.432458 0.083750 0.103190
0 0.220000 0.574577 0.090000 0.184803
0 0.263437 0.568011 0.066875 0.179174
0 0.322500 0.577392 0.085000 0.186679
0 0.379375 0.502814 0.060000 0.063790
0 0.400625 0.576454 0.085000 0.184803
0 0.448750 0.459193 0.091250 0.104128
0 0.518437 0.488274 0.040625 0.064728
0 0.539687 0.505629 0.068125 0.058161
0 0.564063 0.521107 0.085625 0.053471
0 0.630625 0.539400 0.055000 0.071295
0 0.667812 0.580676 0.085625 0.150093
0 0.806250 0.567074 0.062500 0.166041
0 0.852500 0.579737 0.101250 0.170732
0 0.886250 0.496717 0.085000 0.098499
0 0.908125 0.573171 0.066250 0.168855
0 0.962813 0.578799 0.073125 0.176360
16 0.109687 0.389306 0.069375 0.240150
16 0.221875 0.389306 0.081250 0.178236
16 0.326562 0.333020 0.069375 0.144465
16 0.356563 0.408068 0.069375 0.166979
16 0.482187 0.348968 0.060625 0.159474
16 0.542188 0.376642 0.090625 0.214822
16 0.588750 0.396342 0.100000 0.203565
16 0.639063 0.367729 0.064375 0.165103
16 0.681875 0.404315 0.081250 0.198874
16 0.744375 0.396342 0.096250 0.203565
16 0.812812 0.388367 0.069375 0.144465
16 0.856875 0.356942 0.073750 0.199812
16 0.896250 0.413227 0.095000 0.220450
