19 0.188965 0.814536 0.356446 0.052631
19 0.190918 0.704887 0.360352 0.046366
19 0.193360 0.753132 0.359375 0.045113
19 0.196289 0.873433 0.357422 0.030075
19 0.202149 0.968046 0.357421 0.056391
19 0.189453 0.536968 0.320312 0.051379
19 0.188965 0.618421 0.301758 0.046366
19 0.396485 0.697995 0.037109 0.401002
19 0.435059 0.694862 0.030273 0.402256
19 0.473144 0.700501 0.028321 0.451128
19 0.513672 0.696115 0.031250 0.432331
19 0.570801 0.681078 0.041992 0.382205
19 0.644043 0.700501 0.043946 0.438597
