3 0.496250 0.471250 0.836250 0.942500
3 0.238437 0.109584 0.289375 0.184167
3 0.243750 0.596250 0.288750 0.175834
3 0.243750 0.767500 0.288750 0.176666
3 0.240625 0.280833 0.272500 0.165000
3 0.243125 0.436667 0.277500 0.153333
3 0.509062 0.281666 0.254375 0.156667
3 0.510312 0.444584 0.254375 0.150833
3 0.511563 0.133750 0.256875 0.174166
3 0.513750 0.598334 0.256250 0.156667
3 0.516875 0.752916 0.257500 0.165833
3 0.757812 0.442917 0.243125 0.144167
3 0.758438 0.298334 0.239375 0.151667
3 0.761875 0.145834 0.240000 0.153333
3 0.763125 0.590000 0.242500 0.146666
3 0.765625 0.745834 0.237500 0.151667
