3 0.131250 0.563730 0.262500 0.557638
3 0.499688 0.214152 0.999375 0.428304
3 0.032500 0.883787 0.042500 0.104967
3 0.270937 0.901593 0.493125 0.194939
3 0.323437 0.849579 0.429375 0.298969
3 0.370625 0.344892 0.406250 0.689784
3 0.375938 0.623243 0.241875 0.356139
3 0.650000 0.729147 0.431250 0.539832
3 0.573750 0.939550 0.153750 0.119026
3 0.676250 0.422212 0.348750 0.368322
3 0.849687 0.930647 0.124375 0.136832
3 0.910313 0.657450 0.178125 0.471415
3 0.927500 0.907685 0.143750 0.182756
16 0.407188 0.347704 0.164375 0.269916
