3 0.058750 0.887430 0.117500 0.217636
3 0.183438 0.367261 0.228125 0.104128
3 0.183438 0.284709 0.225625 0.107880
3 0.187188 0.202157 0.230625 0.113509
3 0.113750 0.034240 0.050000 0.068480
3 0.111250 0.115385 0.042500 0.090057
3 0.174375 0.639306 0.110000 0.117261
3 0.177187 0.897280 0.115625 0.132271
3 0.175000 0.747655 0.108750 0.151970
3 0.177813 0.542683 0.111875 0.107880
3 0.177187 0.894465 0.108125 0.126642
3 0.178437 0.454972 0.108125 0.093808
3 0.152813 0.117261 0.043125 0.093809
3 0.158750 0.038930 0.042500 0.077861
3 0.213438 0.116791 0.080625 0.115385
3 0.198125 0.033302 0.040000 0.066604
3 0.258437 0.035647 0.044375 0.069418
3 0.305937 0.753752 0.136875 0.089118
3 0.307812 0.657598 0.140625 0.097561
3 0.299687 0.510319 0.121875 0.084428
3 0.309688 0.873358 0.141875 0.157599
3 0.298125 0.589118 0.116250 0.080675
3 0.267500 0.443246 0.052500 0.060976
3 0.275313 0.127111 0.068125 0.109756
3 0.299375 0.037054 0.042500 0.074109
3 0.353437 0.118668 0.085625 0.237336
3 0.424375 0.509381 0.100000 0.084428
3 0.421250 0.679175 0.091250 0.078799
3 0.425000 0.425891 0.098750 0.086304
3 0.395625 0.957786 0.037500 0.050656
3 0.401875 0.836773 0.050000 0.088180
3 0.423750 0.757036 0.093750 0.086304
3 0.423750 0.595216 0.091250 0.085366
3 0.390938 0.907598 0.023125 0.060975
3 0.433438 0.340526 0.096875 0.091933
3 0.435937 0.250939 0.089375 0.096623
3 0.439688 0.164165 0.089375 0.091932
3 0.440312 0.077862 0.090625 0.099437
3 0.443750 0.021576 0.095000 0.043152
3 0.421875 0.894934 0.033750 0.071295
3 0.448750 0.946060 0.036250 0.064728
3 0.450000 0.837711 0.036250 0.078800
3 0.471875 0.899155 0.036250 0.055347
3 0.517187 0.362101 0.084375 0.409006
3 0.496250 0.951688 0.038750 0.049719
3 0.525312 0.128518 0.076875 0.088180
3 0.525312 0.047843 0.074375 0.095685
3 0.517188 0.895404 0.036875 0.057223
3 0.543438 0.837711 0.038125 0.061914
3 0.542188 0.942308 0.033125 0.047842
3 0.612188 0.460132 0.145625 0.685741
3 0.567187 0.893528 0.034375 0.049719
3 0.594375 0.071764 0.063750 0.106003
3 0.587812 0.830676 0.036875 0.062851
3 0.609063 0.880863 0.035625 0.067542
3 0.630000 0.831614 0.042500 0.064727
3 0.650000 0.084428 0.047500 0.073171
3 0.651875 0.887899 0.035000 0.042214
3 0.684375 0.780488 0.096250 0.052533
3 0.687500 0.718574 0.102500 0.078800
3 0.704375 0.397749 0.136250 0.562851
3 0.671563 0.825985 0.035625 0.060976
3 0.672188 0.930113 0.036875 0.040337
3 0.709688 0.069418 0.091875 0.090057
3 0.690312 0.878518 0.039375 0.044090
3 0.710312 0.823171 0.030625 0.055347
3 0.715313 0.927298 0.033125 0.045966
3 0.733125 0.880863 0.038750 0.050656
3 0.778750 0.853658 0.100000 0.080675
3 0.785000 0.725140 0.107500 0.078799
3 0.774062 0.408537 0.080625 0.552533
3 0.788125 0.785648 0.106250 0.057223
3 0.753750 0.921200 0.033750 0.033771
3 0.771562 0.093808 0.034375 0.080675
3 0.806875 0.098499 0.033750 0.082552
3 0.894687 0.446529 0.160625 0.596623
3 0.834688 0.106004 0.034375 0.082552
3 0.897813 0.822701 0.118125 0.157599
3 0.879375 0.094747 0.052500 0.069418
3 0.925000 0.112570 0.041250 0.071295
