0 0.776736 0.567500 0.373359 0.391250
16 0.668386 0.617188 0.518761 0.765625
16 0.045966 0.388750 0.091932 0.312500
16 0.101782 0.256875 0.030957 0.051250
16 0.154315 0.369375 0.121013 0.327500
16 0.126641 0.312812 0.048781 0.136875
16 0.229831 0.266250 0.041276 0.032500
16 0.423546 0.606875 0.385554 0.785000
16 0.267355 0.262500 0.022514 0.060000
16 0.435272 0.265000 0.020638 0.065000
16 0.629925 0.256563 0.030956 0.034375
16 0.665103 0.247812 0.028142 0.020625
16 0.900563 0.268437 0.028142 0.034375
16 0.945591 0.344687 0.106942 0.234375
16 0.981238 0.259062 0.020638 0.029375
