3 0.066875 0.880486 0.101250 0.130719
3 0.100937 0.319794 0.066875 0.122315
3 0.099687 0.395424 0.043125 0.047619
3 0.120313 0.907096 0.069375 0.183940
3 0.123438 0.353875 0.036875 0.065360
3 0.150313 0.373016 0.058125 0.053222
3 0.163750 0.453315 0.085000 0.107376
3 0.257500 0.233427 0.051250 0.076564
3 0.378437 0.695612 0.288125 0.239029
3 0.257812 0.309057 0.026875 0.044818
3 0.261563 0.281512 0.031875 0.023343
3 0.429688 0.701680 0.346875 0.262371
3 0.290000 0.313725 0.032500 0.050421
3 0.296250 0.291783 0.042500 0.083100
3 0.539687 0.637722 0.116875 0.072829
3 0.564063 0.578431 0.165625 0.120448
